   1.9999999999999997E-002 	   2.0000000000000004E-002 	   130.75222078839940        0.0000000000000000                       Infinity
   1.9999999999999997E-002 	   6.0000000000000005E-002 	   115.91932906749206        0.0000000000000000                       Infinity
   2.0000000000000000E-002 	  0.10000000000000001      	   115.68842001168423        0.0000000000000000                       Infinity
   2.0000000000000000E-002 	  0.14000000000000001      	   115.68601913043952        0.0000000000000000                       Infinity
   2.0000000000000000E-002 	  0.17999999999999999      	   115.68600039396178        0.0000000000000000                       Infinity
   2.0000000000000000E-002 	  0.22000000000000000      	   115.68600027693721        0.0000000000000000                       Infinity
   2.0000000000000000E-002 	  0.26000000000000001      	   115.68600027633173        0.0000000000000000                       Infinity
   2.0000000000000000E-002 	  0.30000000000000004      	   115.68600027632475        0.0000000000000000                       Infinity
   2.0000000000000000E-002 	  0.33999999999999997      	   115.68600027632442        0.0000000000000000                       Infinity
   2.0000000000000000E-002 	  0.38000000000000000      	   115.68600027632858        0.0000000000000000                       Infinity
   2.0000000000000004E-002 	  0.42000000000000004      	   115.68600027632475        0.0000000000000000                       Infinity
   2.0000000000000004E-002 	  0.45999999999999996      	   115.68600027632668        0.0000000000000000                       Infinity
   2.0000000000000000E-002 	  0.50000000000000000      	   115.68600027632858        0.0000000000000000                       Infinity
   2.0000000000000000E-002 	  0.54000000000000004      	   115.68600027632877        0.0000000000000000                       Infinity
   2.0000000000000000E-002 	  0.58000000000000007      	   115.68600027632834        0.0000000000000000                       Infinity
   2.0000000000000000E-002 	  0.62000000000000000      	   115.68600027632877        0.0000000000000000                       Infinity
   2.0000000000000000E-002 	  0.66000000000000014      	   115.68600027632877        0.0000000000000000                       Infinity
   2.0000000000000000E-002 	  0.69999999999999996      	   115.68600027632834        0.0000000000000000                       Infinity
   2.0000000000000000E-002 	  0.73999999999999999      	   115.68600027633201        0.0000000000000000                       Infinity
   2.0000000000000000E-002 	  0.78000000000000003      	   115.68600027693695        0.0000000000000000                       Infinity
   2.0000000000000000E-002 	  0.82000000000000006      	   115.68600039395747        0.0000000000000000                       Infinity
   2.0000000000000000E-002 	  0.85999999999999999      	   115.68601913043172        0.0000000000000000                       Infinity
   2.0000000000000000E-002 	  0.90000000000000002      	   115.68842001168468        0.0000000000000000                       Infinity
   2.0000000000000000E-002 	  0.93999999999999995      	   115.91932906749774        0.0000000000000000                       Infinity
   2.0000000000000000E-002 	  0.97999999999999998      	   130.75222078864755        0.0000000000000000                       Infinity
   5.9999999999999991E-002 	   2.0000000000000004E-002 	   115.91932899313547        0.0000000000000000                       Infinity
   5.9999999999999998E-002 	   6.0000000000000012E-002 	   100.48570508418054        0.0000000000000000                       Infinity
   5.9999999999999998E-002 	  0.10000000000000001      	   100.24544411834681        0.0000000000000000                       Infinity
   5.9999999999999998E-002 	  0.14000000000000001      	   100.24294599947837        0.0000000000000000                       Infinity
   5.9999999999999998E-002 	  0.17999999999999999      	   100.24292650415512        0.0000000000000000                       Infinity
   5.9999999999999998E-002 	  0.22000000000000000      	   100.24292638239925        0.0000000000000000                       Infinity
   5.9999999999999998E-002 	  0.26000000000000001      	   100.24292638176146        0.0000000000000000                       Infinity
   5.9999999999999998E-002 	  0.30000000000000004      	   100.24292638175747        0.0000000000000000                       Infinity
   5.9999999999999998E-002 	  0.34000000000000002      	   100.24292638175753        0.0000000000000000                       Infinity
   5.9999999999999998E-002 	  0.38000000000000000      	   100.24292638175747        0.0000000000000000                       Infinity
   6.0000000000000012E-002 	  0.42000000000000004      	   100.24292638175712        0.0000000000000000                       Infinity
   6.0000000000000012E-002 	  0.45999999999999996      	   100.24292638175663        0.0000000000000000                       Infinity
   5.9999999999999998E-002 	  0.50000000000000000      	   100.24292638175747        0.0000000000000000                       Infinity
   5.9999999999999998E-002 	  0.54000000000000004      	   100.24292638175747        0.0000000000000000                       Infinity
   5.9999999999999998E-002 	  0.58000000000000007      	   100.24292638175753        0.0000000000000000                       Infinity
   5.9999999999999998E-002 	  0.62000000000000011      	   100.24292638175740        0.0000000000000000                       Infinity
   5.9999999999999998E-002 	  0.66000000000000014      	   100.24292638175740        0.0000000000000000                       Infinity
   5.9999999999999998E-002 	  0.70000000000000018      	   100.24292638175869        0.0000000000000000                       Infinity
   5.9999999999999998E-002 	  0.73999999999999999      	   100.24292638176117        0.0000000000000000                       Infinity
   5.9999999999999998E-002 	  0.78000000000000003      	   100.24292638239190        0.0000000000000000                       Infinity
   5.9999999999999998E-002 	  0.82000000000000006      	   100.24292650414972        0.0000000000000000                       Infinity
   5.9999999999999998E-002 	  0.85999999999999999      	   100.24294599947798        0.0000000000000000                       Infinity
   5.9999999999999998E-002 	  0.89999999999999991      	   100.24544411834911        0.0000000000000000                       Infinity
   5.9999999999999998E-002 	  0.93999999999999995      	   100.48570508418534        0.0000000000000000                       Infinity
   5.9999999999999998E-002 	  0.97999999999999998      	   115.91932899338227        0.0000000000000000                       Infinity
   9.9999999999999992E-002 	   2.0000000000000000E-002 	   115.68841993578671        0.0000000000000000                       Infinity
   9.9999999999999992E-002 	   5.9999999999999998E-002 	   100.24544411678784        0.0000000000000000                       Infinity
  0.10000000000000001      	  0.10000000000000001      	   100.00503756346886        0.0000000000000000                       Infinity
  0.10000000000000001      	  0.14000000000000001      	   100.00253793084416        0.0000000000000000                       Infinity
  0.10000000000000001      	  0.17999999999999999      	   100.00251842369880        0.0000000000000000                       Infinity
  0.10000000000000001      	  0.22000000000000000      	   100.00251830186301        0.0000000000000000                       Infinity
  0.10000000000000001      	  0.26000000000000001      	   100.00251830122858        0.0000000000000000                       Infinity
  0.10000000000000001      	  0.30000000000000004      	   100.00251830122735        0.0000000000000000                       Infinity
  0.10000000000000001      	  0.34000000000000008      	   100.00251830122735        0.0000000000000000                       Infinity
  0.10000000000000001      	  0.38000000000000000      	   100.00251830122802        0.0000000000000000                       Infinity
  0.10000000000000001      	  0.42000000000000004      	   100.00251830122735        0.0000000000000000                       Infinity
  0.10000000000000001      	  0.45999999999999996      	   100.00251830122826        0.0000000000000000                       Infinity
  0.10000000000000001      	  0.50000000000000000      	   100.00251830122578        0.0000000000000000                       Infinity
  0.10000000000000001      	  0.54000000000000004      	   100.00251830122578        0.0000000000000000                       Infinity
  0.10000000000000001      	  0.58000000000000007      	   100.00251830122578        0.0000000000000000                       Infinity
  0.10000000000000001      	  0.62000000000000011      	   100.00251830122802        0.0000000000000000                       Infinity
  0.10000000000000001      	  0.65999999999999992      	   100.00251830122578        0.0000000000000000                       Infinity
  0.10000000000000001      	  0.69999999999999996      	   100.00251830122630        0.0000000000000000                       Infinity
  0.10000000000000001      	  0.73999999999999999      	   100.00251830123179        0.0000000000000000                       Infinity
  0.10000000000000001      	  0.78000000000000003      	   100.00251830186129        0.0000000000000000                       Infinity
  0.10000000000000001      	  0.81999999999999995      	   100.00251842369762        0.0000000000000000                       Infinity
  0.10000000000000001      	  0.85999999999999988      	   100.00253793084389        0.0000000000000000                       Infinity
  0.10000000000000001      	  0.89999999999999991      	   100.00503756346919        0.0000000000000000                       Infinity
  0.10000000000000001      	  0.93999999999999995      	   100.24544411679049        0.0000000000000000                       Infinity
  0.10000000000000001      	  0.97999999999999998      	   115.68841993603480        0.0000000000000000                       Infinity
  0.14000000000000001      	   2.0000000000000000E-002 	   115.68601905452110        0.0000000000000000                       Infinity
  0.13999999999999999      	   5.9999999999999998E-002 	   100.24294599790277        0.0000000000000000                       Infinity
  0.14000000000000001      	  0.10000000000000001      	   100.00253793079341        0.0000000000000000                       Infinity
  0.14000000000000001      	  0.14000000000000001      	   100.00003828247942        0.0000000000000000                       Infinity
  0.14000000000000001      	  0.17999999999999999      	   100.00001877519132        0.0000000000000000                       Infinity
  0.14000000000000001      	  0.22000000000000000      	   100.00001865338334        0.0000000000000000                       Infinity
  0.14000000000000001      	  0.26000000000000001      	   100.00001865275239        0.0000000000000000                       Infinity
  0.14000000000000001      	  0.30000000000000004      	   100.00001865274901        0.0000000000000000                       Infinity
  0.14000000000000001      	  0.33999999999999997      	   100.00001865274901        0.0000000000000000                       Infinity
  0.14000000000000001      	  0.38000000000000000      	   100.00001865275000        0.0000000000000000                       Infinity
  0.14000000000000001      	  0.41999999999999993      	   100.00001865274810        0.0000000000000000                       Infinity
  0.14000000000000001      	  0.45999999999999996      	   100.00001865274790        0.0000000000000000                       Infinity
  0.14000000000000001      	  0.50000000000000000      	   100.00001865275000        0.0000000000000000                       Infinity
  0.14000000000000001      	  0.54000000000000004      	   100.00001865275000        0.0000000000000000                       Infinity
  0.14000000000000001      	  0.58000000000000007      	   100.00001865275000        0.0000000000000000                       Infinity
  0.14000000000000001      	  0.62000000000000011      	   100.00001865274909        0.0000000000000000                       Infinity
  0.14000000000000001      	  0.66000000000000003      	   100.00001865274909        0.0000000000000000                       Infinity
  0.14000000000000001      	  0.69999999999999996      	   100.00001865275000        0.0000000000000000                       Infinity
  0.14000000000000001      	  0.73999999999999999      	   100.00001865275097        0.0000000000000000                       Infinity
  0.14000000000000001      	  0.78000000000000003      	   100.00001865338405        0.0000000000000000                       Infinity
  0.14000000000000001      	  0.82000000000000006      	   100.00001877513016        0.0000000000000000                       Infinity
  0.14000000000000001      	  0.85999999999999988      	   100.00003828245542        0.0000000000000000                       Infinity
  0.14000000000000001      	  0.89999999999999991      	   100.00253793082764        0.0000000000000000                       Infinity
  0.14000000000000001      	  0.94000000000000006      	   100.24294599790993        0.0000000000000000                       Infinity
  0.14000000000000001      	  0.97999999999999998      	   115.68601905475974        0.0000000000000000                       Infinity
  0.17999999999999999      	   2.0000000000000004E-002 	   115.68600031804064        0.0000000000000000                       Infinity
  0.17999999999999999      	   6.0000000000000012E-002 	   100.24292650257173        0.0000000000000000                       Infinity
  0.17999999999999999      	  0.10000000000000001      	   100.00251842370386        0.0000000000000000                       Infinity
  0.17999999999999999      	  0.14000000000000001      	   100.00001877516165        0.0000000000000000                       Infinity
  0.17999999999999999      	  0.17999999999999999      	   99.999999267942897        0.0000000000000000                       Infinity
  0.17999999999999999      	  0.22000000000000000      	   99.999999146060219        0.0000000000000000                       Infinity
  0.17999999999999999      	  0.26000000000000001      	   99.999999145459640        0.0000000000000000                       Infinity
  0.18000000000000002      	  0.30000000000000004      	   99.999999145457195        0.0000000000000000                       Infinity
  0.17999999999999999      	  0.33999999999999997      	   99.999999145455732        0.0000000000000000                       Infinity
  0.17999999999999999      	  0.37999999999999995      	   99.999999145457068        0.0000000000000000                       Infinity
  0.17999999999999999      	  0.41999999999999998      	   99.999999145457195        0.0000000000000000                       Infinity
  0.17999999999999999      	  0.45999999999999996      	   99.999999145455732        0.0000000000000000                       Infinity
  0.17999999999999999      	  0.50000000000000000      	   99.999999145457195        0.0000000000000000                       Infinity
  0.17999999999999999      	  0.54000000000000004      	   99.999999145457068        0.0000000000000000                       Infinity
  0.17999999999999999      	  0.58000000000000007      	   99.999999145457068        0.0000000000000000                       Infinity
  0.17999999999999999      	  0.62000000000000011      	   99.999999145457096        0.0000000000000000                       Infinity
  0.17999999999999999      	  0.66000000000000014      	   99.999999145457068        0.0000000000000000                       Infinity
  0.17999999999999999      	  0.69999999999999996      	   99.999999145456854        0.0000000000000000                       Infinity
  0.17999999999999999      	  0.73999999999999988      	   99.999999145460833        0.0000000000000000                       Infinity
  0.17999999999999999      	  0.77999999999999992      	   99.999999146065875        0.0000000000000000                       Infinity
  0.17999999999999999      	  0.81999999999999995      	   99.999999267951111        0.0000000000000000                       Infinity
  0.17999999999999999      	  0.85999999999999999      	   100.00001877514119        0.0000000000000000                       Infinity
  0.17999999999999999      	  0.89999999999999991      	   100.00251842368235        0.0000000000000000                       Infinity
  0.17999999999999999      	  0.93999999999999995      	   100.24292650257652        0.0000000000000000                       Infinity
  0.17999999999999999      	  0.97999999999999998      	   115.68600031829131        0.0000000000000000                       Infinity
  0.22000000000000000      	   2.0000000000000004E-002 	   115.68600020102369        0.0000000000000000                       Infinity
  0.22000000000000000      	   6.0000000000000012E-002 	   100.24292638080853        0.0000000000000000                       Infinity
  0.22000000000000000      	  0.10000000000000001      	   100.00251830187428        0.0000000000000000                       Infinity
  0.22000000000000000      	  0.14000000000000001      	   100.00001865338538        0.0000000000000000                       Infinity
  0.22000000000000000      	  0.17999999999999999      	   99.999999146040466        0.0000000000000000                       Infinity
  0.22000000000000000      	  0.21999999999999997      	   99.999999024180610        0.0000000000000000                       Infinity
  0.22000000000000000      	  0.26000000000000001      	   99.999999023532268        0.0000000000000000                       Infinity
  0.22000000000000000      	  0.30000000000000004      	   99.999999023529497        0.0000000000000000                       Infinity
  0.22000000000000000      	  0.33999999999999997      	   99.999999023529568        0.0000000000000000                       Infinity
  0.22000000000000000      	  0.37999999999999989      	   99.999999023529497        0.0000000000000000                       Infinity
  0.22000000000000000      	  0.41999999999999993      	   99.999999023529398        0.0000000000000000                       Infinity
  0.22000000000000000      	  0.45999999999999996      	   99.999999023530194        0.0000000000000000                       Infinity
  0.22000000000000000      	  0.50000000000000000      	   99.999999023529369        0.0000000000000000                       Infinity
  0.22000000000000000      	  0.54000000000000004      	   99.999999023529369        0.0000000000000000                       Infinity
  0.22000000000000000      	  0.58000000000000007      	   99.999999023529526        0.0000000000000000                       Infinity
  0.22000000000000000      	  0.62000000000000011      	   99.999999023529369        0.0000000000000000                       Infinity
  0.22000000000000000      	  0.66000000000000014      	   99.999999023529369        0.0000000000000000                       Infinity
  0.22000000000000000      	  0.69999999999999996      	   99.999999023529199        0.0000000000000000                       Infinity
  0.22000000000000000      	  0.73999999999999977      	   99.999999023532624        0.0000000000000000                       Infinity
  0.22000000000000000      	  0.78000000000000003      	   99.999999024182600        0.0000000000000000                       Infinity
  0.22000000000000000      	  0.81999999999999984      	   99.999999146066671        0.0000000000000000                       Infinity
  0.22000000000000000      	  0.85999999999999988      	   100.00001865337326        0.0000000000000000                       Infinity
  0.22000000000000000      	  0.90000000000000002      	   100.00251830185208        0.0000000000000000                       Infinity
  0.22000000000000000      	  0.94000000000000006      	   100.24292638081859        0.0000000000000000                       Infinity
  0.22000000000000000      	  0.97999999999999998      	   115.68600020126662        0.0000000000000000                       Infinity
  0.26000000000000001      	   2.0000000000000000E-002 	   115.68600020041042        0.0000000000000000                       Infinity
  0.26000000000000001      	   5.9999999999999998E-002 	   100.24292638017840        0.0000000000000000                       Infinity
  0.26000000000000001      	  0.10000000000000001      	   100.00251830124056        0.0000000000000000                       Infinity
  0.26000000000000001      	  0.14000000000000001      	   100.00001865275247        0.0000000000000000                       Infinity
  0.26000000000000001      	  0.17999999999999999      	   99.999999145427452        0.0000000000000000                       Infinity
  0.26000000000000001      	  0.21999999999999997      	   99.999999023539218        0.0000000000000000                       Infinity
  0.26000000000000001      	  0.26000000000000001      	   99.999999022866774        0.0000000000000000                       Infinity
  0.26000000000000001      	  0.30000000000000004      	   99.999999022864031        0.0000000000000000                       Infinity
  0.26000000000000001      	  0.33999999999999997      	   99.999999022864031        0.0000000000000000                       Infinity
  0.26000000000000001      	  0.38000000000000000      	   99.999999022864046        0.0000000000000000                       Infinity
  0.26000000000000001      	  0.41999999999999993      	   99.999999022864642        0.0000000000000000                       Infinity
  0.26000000000000001      	  0.45999999999999996      	   99.999999022864301        0.0000000000000000                       Infinity
  0.26000000000000001      	  0.50000000000000000      	   99.999999022864046        0.0000000000000000                       Infinity
  0.26000000000000001      	  0.54000000000000004      	   99.999999022864046        0.0000000000000000                       Infinity
  0.26000000000000001      	  0.58000000000000007      	   99.999999022864642        0.0000000000000000                       Infinity
  0.26000000000000001      	  0.62000000000000000      	   99.999999022864046        0.0000000000000000                       Infinity
  0.26000000000000001      	  0.66000000000000003      	   99.999999022864046        0.0000000000000000                       Infinity
  0.26000000000000001      	  0.69999999999999996      	   99.999999022864642        0.0000000000000000                       Infinity
  0.26000000000000001      	  0.73999999999999999      	   99.999999022866120        0.0000000000000000                       Infinity
  0.26000000000000001      	  0.78000000000000003      	   99.999999023547588        0.0000000000000000                       Infinity
  0.26000000000000001      	  0.81999999999999995      	   99.999999145456457        0.0000000000000000                       Infinity
  0.26000000000000001      	  0.85999999999999988      	   100.00001865273950        0.0000000000000000                       Infinity
  0.26000000000000001      	  0.90000000000000002      	   100.00251830122107        0.0000000000000000                       Infinity
  0.26000000000000001      	  0.94000000000000006      	   100.24292638018582        0.0000000000000000                       Infinity
  0.26000000000000001      	  0.97999999999999998      	   115.68600020065739        0.0000000000000000                       Infinity
  0.30000000000000004      	   2.0000000000000000E-002 	   115.68600020040937        0.0000000000000000                       Infinity
  0.29999999999999999      	   5.9999999999999998E-002 	   100.24292638017255        0.0000000000000000                       Infinity
  0.30000000000000004      	  0.10000000000000001      	   100.00251830123811        0.0000000000000000                       Infinity
  0.30000000000000004      	  0.14000000000000001      	   100.00001865275044        0.0000000000000000                       Infinity
  0.30000000000000004      	  0.17999999999999999      	   99.999999145425633        0.0000000000000000                       Infinity
  0.30000000000000004      	  0.21999999999999997      	   99.999999023536645        0.0000000000000000                       Infinity
  0.30000000000000004      	  0.26000000000000001      	   99.999999022863861        0.0000000000000000                       Infinity
  0.30000000000000004      	  0.30000000000000004      	   99.999999022861360        0.0000000000000000                       Infinity
  0.30000000000000004      	  0.33999999999999997      	   99.999999022861360        0.0000000000000000                       Infinity
  0.30000000000000004      	  0.37999999999999995      	   99.999999022862710        0.0000000000000000                       Infinity
  0.30000000000000004      	  0.41999999999999993      	   99.999999022861360        0.0000000000000000                       Infinity
  0.30000000000000004      	  0.45999999999999996      	   99.999999022861573        0.0000000000000000                       Infinity
  0.30000000000000004      	  0.50000000000000000      	   99.999999022862255        0.0000000000000000                       Infinity
  0.30000000000000004      	  0.54000000000000004      	   99.999999022862255        0.0000000000000000                       Infinity
  0.30000000000000004      	  0.58000000000000007      	   99.999999022862710        0.0000000000000000                       Infinity
  0.30000000000000004      	  0.62000000000000000      	   99.999999022862255        0.0000000000000000                       Infinity
  0.30000000000000004      	  0.66000000000000003      	   99.999999022862255        0.0000000000000000                       Infinity
  0.30000000000000004      	  0.69999999999999996      	   99.999999022862710        0.0000000000000000                       Infinity
  0.30000000000000004      	  0.74000000000000010      	   99.999999022864031        0.0000000000000000                       Infinity
  0.30000000000000004      	  0.77999999999999992      	   99.999999023545797        0.0000000000000000                       Infinity
  0.30000000000000004      	  0.81999999999999984      	   99.999999145453216        0.0000000000000000                       Infinity
  0.30000000000000004      	  0.85999999999999988      	   100.00001865273467        0.0000000000000000                       Infinity
  0.30000000000000004      	  0.89999999999999991      	   100.00251830121771        0.0000000000000000                       Infinity
  0.30000000000000004      	  0.93999999999999995      	   100.24292638018076        0.0000000000000000                       Infinity
  0.30000000000000004      	  0.97999999999999998      	   115.68600020065563        0.0000000000000000                       Infinity
  0.33999999999999997      	   2.0000000000000000E-002 	   115.68600020040937        0.0000000000000000                       Infinity
  0.33999999999999997      	   5.9999999999999998E-002 	   100.24292638017397        0.0000000000000000                       Infinity
  0.33999999999999997      	  0.10000000000000001      	   100.00251830123811        0.0000000000000000                       Infinity
  0.33999999999999997      	  0.14000000000000001      	   100.00001865275044        0.0000000000000000                       Infinity
  0.33999999999999997      	  0.17999999999999999      	   99.999999145424852        0.0000000000000000                       Infinity
  0.33999999999999997      	  0.21999999999999997      	   99.999999023537470        0.0000000000000000                       Infinity
  0.33999999999999997      	  0.26000000000000001      	   99.999999022864273        0.0000000000000000                       Infinity
  0.33999999999999997      	  0.30000000000000004      	   99.999999022861360        0.0000000000000000                       Infinity
  0.33999999999999997      	  0.33999999999999997      	   99.999999022861360        0.0000000000000000                       Infinity
  0.33999999999999997      	  0.38000000000000000      	   99.999999022861360        0.0000000000000000                       Infinity
  0.33999999999999997      	  0.42000000000000004      	   99.999999022861275        0.0000000000000000                       Infinity
  0.33999999999999997      	  0.45999999999999996      	   99.999999022861800        0.0000000000000000                       Infinity
  0.33999999999999997      	  0.50000000000000000      	   99.999999022862255        0.0000000000000000                       Infinity
  0.33999999999999997      	  0.54000000000000004      	   99.999999022862255        0.0000000000000000                       Infinity
  0.33999999999999997      	  0.58000000000000007      	   99.999999022862710        0.0000000000000000                       Infinity
  0.33999999999999997      	  0.62000000000000000      	   99.999999022862255        0.0000000000000000                       Infinity
  0.33999999999999997      	  0.66000000000000014      	   99.999999022861573        0.0000000000000000                       Infinity
  0.33999999999999997      	  0.70000000000000018      	   99.999999022862710        0.0000000000000000                       Infinity
  0.33999999999999997      	  0.73999999999999999      	   99.999999022864060        0.0000000000000000                       Infinity
  0.33999999999999997      	  0.78000000000000003      	   99.999999023545797        0.0000000000000000                       Infinity
  0.33999999999999997      	  0.82000000000000006      	   99.999999145453984        0.0000000000000000                       Infinity
  0.33999999999999997      	  0.85999999999999999      	   100.00001865273670        0.0000000000000000                       Infinity
  0.33999999999999997      	  0.90000000000000002      	   100.00251830121645        0.0000000000000000                       Infinity
  0.33999999999999997      	  0.93999999999999995      	   100.24292638017957        0.0000000000000000                       Infinity
  0.33999999999999997      	  0.97999999999999998      	   115.68600020065563        0.0000000000000000                       Infinity
  0.38000000000000000      	   2.0000000000000000E-002 	   115.68600020040708        0.0000000000000000                       Infinity
  0.38000000000000000      	   5.9999999999999998E-002 	   100.24292638017397        0.0000000000000000                       Infinity
  0.38000000000000000      	   9.9999999999999992E-002 	   100.00251830123835        0.0000000000000000                       Infinity
  0.38000000000000000      	  0.13999999999999999      	   100.00001865274949        0.0000000000000000                       Infinity
  0.38000000000000000      	  0.17999999999999999      	   99.999999145426571        0.0000000000000000                       Infinity
  0.38000000000000000      	  0.21999999999999997      	   99.999999023537185        0.0000000000000000                       Infinity
  0.38000000000000000      	  0.26000000000000001      	   99.999999022865197        0.0000000000000000                       Infinity
  0.38000000000000006      	  0.30000000000000004      	   99.999999022862255        0.0000000000000000                       Infinity
  0.38000000000000000      	  0.33999999999999997      	   99.999999022861275        0.0000000000000000                       Infinity
  0.38000000000000000      	  0.38000000000000000      	   99.999999022861275        0.0000000000000000                       Infinity
  0.38000000000000000      	  0.42000000000000004      	   99.999999022862255        0.0000000000000000                       Infinity
  0.38000000000000000      	  0.45999999999999996      	   99.999999022862468        0.0000000000000000                       Infinity
  0.38000000000000000      	  0.50000000000000000      	   99.999999022862028        0.0000000000000000                       Infinity
  0.38000000000000000      	  0.54000000000000004      	   99.999999022861275        0.0000000000000000                       Infinity
  0.38000000000000000      	  0.58000000000000007      	   99.999999022861360        0.0000000000000000                       Infinity
  0.38000000000000000      	  0.62000000000000000      	   99.999999022861275        0.0000000000000000                       Infinity
  0.38000000000000000      	  0.66000000000000014      	   99.999999022861132        0.0000000000000000                       Infinity
  0.38000000000000000      	  0.70000000000000018      	   99.999999022861800        0.0000000000000000                       Infinity
  0.38000000000000000      	  0.73999999999999999      	   99.999999022863946        0.0000000000000000                       Infinity
  0.38000000000000000      	  0.78000000000000003      	   99.999999023544859        0.0000000000000000                       Infinity
  0.38000000000000000      	  0.82000000000000006      	   99.999999145453529        0.0000000000000000                       Infinity
  0.38000000000000000      	  0.85999999999999988      	   100.00001865273715        0.0000000000000000                       Infinity
  0.38000000000000000      	  0.89999999999999991      	   100.00251830121691        0.0000000000000000                       Infinity
  0.38000000000000000      	  0.93999999999999995      	   100.24292638018220        0.0000000000000000                       Infinity
  0.38000000000000000      	  0.97999999999999998      	   115.68600020065524        0.0000000000000000                       Infinity
  0.41999999999999998      	   1.9999999999999997E-002 	   115.68600020040937        0.0000000000000000                       Infinity
  0.41999999999999998      	   5.9999999999999991E-002 	   100.24292638017420        0.0000000000000000                       Infinity
  0.41999999999999998      	  0.10000000000000001      	   100.00251830123811        0.0000000000000000                       Infinity
  0.41999999999999998      	  0.14000000000000001      	   100.00001865275044        0.0000000000000000                       Infinity
  0.42000000000000004      	  0.18000000000000002      	   99.999999145425122        0.0000000000000000                       Infinity
  0.42000000000000004      	  0.22000000000000003      	   99.999999023536262        0.0000000000000000                       Infinity
  0.42000000000000004      	  0.26000000000000001      	   99.999999022864046        0.0000000000000000                       Infinity
  0.41999999999999998      	  0.30000000000000004      	   99.999999022861360        0.0000000000000000                       Infinity
  0.41999999999999998      	  0.33999999999999997      	   99.999999022861800        0.0000000000000000                       Infinity
  0.42000000000000004      	  0.38000000000000006      	   99.999999022862255        0.0000000000000000                       Infinity
  0.42000000000000004      	  0.42000000000000004      	   99.999999022861360        0.0000000000000000                       Infinity
  0.42000000000000004      	  0.45999999999999996      	   99.999999022861275        0.0000000000000000                       Infinity
  0.41999999999999998      	  0.50000000000000000      	   99.999999022862255        0.0000000000000000                       Infinity
  0.41999999999999998      	  0.54000000000000004      	   99.999999022862255        0.0000000000000000                       Infinity
  0.42000000000000004      	  0.58000000000000007      	   99.999999022862468        0.0000000000000000                       Infinity
  0.42000000000000004      	  0.61999999999999988      	   99.999999022861275        0.0000000000000000                       Infinity
  0.41999999999999998      	  0.66000000000000003      	   99.999999022862255        0.0000000000000000                       Infinity
  0.41999999999999998      	  0.69999999999999996      	   99.999999022862468        0.0000000000000000                       Infinity
  0.42000000000000004      	  0.73999999999999999      	   99.999999022864031        0.0000000000000000                       Infinity
  0.42000000000000004      	  0.78000000000000014      	   99.999999023544859        0.0000000000000000                       Infinity
  0.41999999999999998      	  0.82000000000000006      	   99.999999145453074        0.0000000000000000                       Infinity
  0.41999999999999998      	  0.85999999999999988      	   100.00001865273670        0.0000000000000000                       Infinity
  0.41999999999999998      	  0.89999999999999991      	   100.00251830121849        0.0000000000000000                       Infinity
  0.41999999999999998      	  0.93999999999999995      	   100.24292638018082        0.0000000000000000                       Infinity
  0.41999999999999998      	  0.97999999999999998      	   115.68600020065563        0.0000000000000000                       Infinity
  0.45999999999999996      	   1.9999999999999997E-002 	   115.68600020040839        0.0000000000000000                       Infinity
  0.45999999999999996      	   5.9999999999999998E-002 	   100.24292638017307        0.0000000000000000                       Infinity
  0.45999999999999996      	   9.9999999999999992E-002 	   100.00251830123811        0.0000000000000000                       Infinity
  0.45999999999999996      	  0.13999999999999999      	   100.00001865275097        0.0000000000000000                       Infinity
  0.46000000000000002      	  0.17999999999999999      	   99.999999145425306        0.0000000000000000                       Infinity
  0.46000000000000002      	  0.22000000000000003      	   99.999999023537171        0.0000000000000000                       Infinity
  0.46000000000000002      	  0.26000000000000001      	   99.999999022864245        0.0000000000000000                       Infinity
  0.45999999999999996      	  0.29999999999999999      	   99.999999022862468        0.0000000000000000                       Infinity
  0.45999999999999996      	  0.33999999999999997      	   99.999999022861275        0.0000000000000000                       Infinity
  0.46000000000000002      	  0.38000000000000000      	   99.999999022861573        0.0000000000000000                       Infinity
  0.46000000000000002      	  0.42000000000000010      	   99.999999022861800        0.0000000000000000                       Infinity
  0.46000000000000002      	  0.46000000000000002      	   99.999999022861800        0.0000000000000000                       Infinity
  0.45999999999999996      	  0.50000000000000000      	   99.999999022861275        0.0000000000000000                       Infinity
  0.45999999999999996      	  0.54000000000000004      	   99.999999022862255        0.0000000000000000                       Infinity
  0.46000000000000002      	  0.57999999999999996      	   99.999999022862710        0.0000000000000000                       Infinity
  0.46000000000000002      	  0.62000000000000000      	   99.999999022861360        0.0000000000000000                       Infinity
  0.45999999999999996      	  0.66000000000000003      	   99.999999022861729        0.0000000000000000                       Infinity
  0.45999999999999996      	  0.69999999999999996      	   99.999999022862710        0.0000000000000000                       Infinity
  0.46000000000000002      	  0.73999999999999999      	   99.999999022864273        0.0000000000000000                       Infinity
  0.46000000000000002      	  0.78000000000000003      	   99.999999023545001        0.0000000000000000                       Infinity
  0.45999999999999996      	  0.82000000000000006      	   99.999999145453430        0.0000000000000000                       Infinity
  0.45999999999999996      	  0.85999999999999999      	   100.00001865273670        0.0000000000000000                       Infinity
  0.45999999999999996      	  0.90000000000000002      	   100.00251830121874        0.0000000000000000                       Infinity
  0.45999999999999996      	  0.93999999999999995      	   100.24292638018082        0.0000000000000000                       Infinity
  0.45999999999999996      	  0.97999999999999998      	   115.68600020065711        0.0000000000000000                       Infinity
  0.50000000000000000      	   2.0000000000000000E-002 	   115.68600020040708        0.0000000000000000                       Infinity
  0.50000000000000000      	   5.9999999999999998E-002 	   100.24292638017397        0.0000000000000000                       Infinity
  0.50000000000000000      	  0.10000000000000001      	   100.00251830123779        0.0000000000000000                       Infinity
  0.50000000000000000      	  0.14000000000000001      	   100.00001865274945        0.0000000000000000                       Infinity
  0.50000000000000000      	  0.17999999999999999      	   99.999999145425122        0.0000000000000000                       Infinity
  0.50000000000000000      	  0.22000000000000000      	   99.999999023536645        0.0000000000000000                       Infinity
  0.50000000000000000      	  0.26000000000000001      	   99.999999022864046        0.0000000000000000                       Infinity
  0.50000000000000000      	  0.30000000000000004      	   99.999999022862255        0.0000000000000000                       Infinity
  0.50000000000000000      	  0.33999999999999997      	   99.999999022862255        0.0000000000000000                       Infinity
  0.50000000000000000      	  0.38000000000000000      	   99.999999022861275        0.0000000000000000                       Infinity
  0.50000000000000000      	  0.42000000000000004      	   99.999999022861573        0.0000000000000000                       Infinity
  0.50000000000000000      	  0.46000000000000002      	   99.999999022861360        0.0000000000000000                       Infinity
  0.50000000000000000      	  0.50000000000000000      	   99.999999022861275        0.0000000000000000                       Infinity
  0.50000000000000000      	  0.54000000000000004      	   99.999999022861275        0.0000000000000000                       Infinity
  0.50000000000000000      	  0.58000000000000007      	   99.999999022861360        0.0000000000000000                       Infinity
  0.50000000000000000      	  0.62000000000000000      	   99.999999022861275        0.0000000000000000                       Infinity
  0.50000000000000000      	  0.66000000000000003      	   99.999999022861275        0.0000000000000000                       Infinity
  0.50000000000000000      	  0.69999999999999996      	   99.999999022861360        0.0000000000000000                       Infinity
  0.50000000000000000      	  0.73999999999999999      	   99.999999022863946        0.0000000000000000                       Infinity
  0.50000000000000000      	  0.78000000000000003      	   99.999999023544859        0.0000000000000000                       Infinity
  0.50000000000000000      	  0.82000000000000006      	   99.999999145453529        0.0000000000000000                       Infinity
  0.50000000000000000      	  0.85999999999999999      	   100.00001865273587        0.0000000000000000                       Infinity
  0.50000000000000000      	  0.90000000000000013      	   100.00251830121829        0.0000000000000000                       Infinity
  0.50000000000000000      	  0.94000000000000006      	   100.24292638018082        0.0000000000000000                       Infinity
  0.50000000000000000      	  0.97999999999999998      	   115.68600020065546        0.0000000000000000                       Infinity
  0.54000000000000004      	   2.0000000000000000E-002 	   115.68600020040708        0.0000000000000000                       Infinity
  0.54000000000000004      	   5.9999999999999998E-002 	   100.24292638017397        0.0000000000000000                       Infinity
  0.54000000000000004      	  0.10000000000000001      	   100.00251830123653        0.0000000000000000                       Infinity
  0.54000000000000004      	  0.14000000000000001      	   100.00001865274945        0.0000000000000000                       Infinity
  0.54000000000000004      	  0.17999999999999999      	   99.999999145426571        0.0000000000000000                       Infinity
  0.54000000000000004      	  0.22000000000000000      	   99.999999023536645        0.0000000000000000                       Infinity
  0.54000000000000004      	  0.26000000000000001      	   99.999999022864046        0.0000000000000000                       Infinity
  0.54000000000000004      	  0.30000000000000004      	   99.999999022862255        0.0000000000000000                       Infinity
  0.54000000000000004      	  0.33999999999999997      	   99.999999022862255        0.0000000000000000                       Infinity
  0.54000000000000004      	  0.38000000000000000      	   99.999999022861275        0.0000000000000000                       Infinity
  0.54000000000000004      	  0.42000000000000004      	   99.999999022862255        0.0000000000000000                       Infinity
  0.54000000000000004      	  0.45999999999999996      	   99.999999022862255        0.0000000000000000                       Infinity
  0.54000000000000004      	  0.50000000000000000      	   99.999999022861275        0.0000000000000000                       Infinity
  0.54000000000000004      	  0.54000000000000004      	   99.999999022861275        0.0000000000000000                       Infinity
  0.54000000000000004      	  0.58000000000000007      	   99.999999022861360        0.0000000000000000                       Infinity
  0.54000000000000004      	  0.62000000000000000      	   99.999999022861275        0.0000000000000000                       Infinity
  0.54000000000000004      	  0.66000000000000014      	   99.999999022861132        0.0000000000000000                       Infinity
  0.54000000000000004      	  0.70000000000000018      	   99.999999022861800        0.0000000000000000                       Infinity
  0.54000000000000004      	  0.73999999999999999      	   99.999999022863946        0.0000000000000000                       Infinity
  0.54000000000000004      	  0.78000000000000003      	   99.999999023544859        0.0000000000000000                       Infinity
  0.54000000000000004      	  0.82000000000000017      	   99.999999145453529        0.0000000000000000                       Infinity
  0.54000000000000004      	  0.85999999999999999      	   100.00001865273715        0.0000000000000000                       Infinity
  0.54000000000000004      	  0.90000000000000002      	   100.00251830121816        0.0000000000000000                       Infinity
  0.54000000000000004      	  0.94000000000000006      	   100.24292638018252        0.0000000000000000                       Infinity
  0.54000000000000004      	  0.97999999999999998      	   115.68600020065546        0.0000000000000000                       Infinity
  0.58000000000000007      	   2.0000000000000000E-002 	   115.68600020041019        0.0000000000000000                       Infinity
  0.58000000000000007      	   5.9999999999999998E-002 	   100.24292638017255        0.0000000000000000                       Infinity
  0.58000000000000007      	  0.10000000000000001      	   100.00251830123653        0.0000000000000000                       Infinity
  0.58000000000000007      	  0.14000000000000001      	   100.00001865274999        0.0000000000000000                       Infinity
  0.58000000000000007      	  0.17999999999999999      	   99.999999145425633        0.0000000000000000                       Infinity
  0.58000000000000007      	  0.22000000000000000      	   99.999999023536546        0.0000000000000000                       Infinity
  0.58000000000000007      	  0.26000000000000001      	   99.999999022864742        0.0000000000000000                       Infinity
  0.58000000000000007      	  0.30000000000000004      	   99.999999022862468        0.0000000000000000                       Infinity
  0.58000000000000007      	  0.33999999999999997      	   99.999999022862468        0.0000000000000000                       Infinity
  0.58000000000000007      	  0.38000000000000000      	   99.999999022861360        0.0000000000000000                       Infinity
  0.58000000000000007      	  0.42000000000000004      	   99.999999022862468        0.0000000000000000                       Infinity
  0.58000000000000007      	  0.45999999999999996      	   99.999999022862255        0.0000000000000000                       Infinity
  0.58000000000000007      	  0.50000000000000000      	   99.999999022861360        0.0000000000000000                       Infinity
  0.58000000000000007      	  0.54000000000000004      	   99.999999022861360        0.0000000000000000                       Infinity
  0.58000000000000007      	  0.58000000000000007      	   99.999999022861800        0.0000000000000000                       Infinity
  0.58000000000000007      	  0.62000000000000000      	   99.999999022861360        0.0000000000000000                       Infinity
  0.58000000000000007      	  0.66000000000000003      	   99.999999022861360        0.0000000000000000                       Infinity
  0.58000000000000007      	  0.69999999999999996      	   99.999999022861800        0.0000000000000000                       Infinity
  0.58000000000000007      	  0.73999999999999999      	   99.999999022864642        0.0000000000000000                       Infinity
  0.58000000000000007      	  0.78000000000000003      	   99.999999023545953        0.0000000000000000                       Infinity
  0.58000000000000007      	  0.82000000000000006      	   99.999999145453671        0.0000000000000000                       Infinity
  0.58000000000000007      	  0.85999999999999999      	   100.00001865273624        0.0000000000000000                       Infinity
  0.58000000000000007      	  0.89999999999999991      	   100.00251830121829        0.0000000000000000                       Infinity
  0.58000000000000007      	  0.93999999999999995      	   100.24292638018082        0.0000000000000000                       Infinity
  0.58000000000000007      	  0.97999999999999998      	   115.68600020065759        0.0000000000000000                       Infinity
  0.61999999999999988      	   2.0000000000000000E-002 	   115.68600020040708        0.0000000000000000                       Infinity
  0.62000000000000000      	   5.9999999999999998E-002 	   100.24292638017255        0.0000000000000000                       Infinity
  0.62000000000000011      	  0.10000000000000001      	   100.00251830123563        0.0000000000000000                       Infinity
  0.62000000000000000      	  0.14000000000000001      	   100.00001865274945        0.0000000000000000                       Infinity
  0.62000000000000000      	  0.17999999999999999      	   99.999999145426571        0.0000000000000000                       Infinity
  0.62000000000000000      	  0.22000000000000000      	   99.999999023536645        0.0000000000000000                       Infinity
  0.62000000000000000      	  0.26000000000000001      	   99.999999022864046        0.0000000000000000                       Infinity
  0.62000000000000000      	  0.30000000000000004      	   99.999999022862255        0.0000000000000000                       Infinity
  0.62000000000000000      	  0.33999999999999997      	   99.999999022862255        0.0000000000000000                       Infinity
  0.62000000000000000      	  0.38000000000000000      	   99.999999022861275        0.0000000000000000                       Infinity
  0.62000000000000011      	  0.42000000000000004      	   99.999999022861360        0.0000000000000000                       Infinity
  0.62000000000000011      	  0.46000000000000002      	   99.999999022861275        0.0000000000000000                       Infinity
  0.62000000000000000      	  0.50000000000000000      	   99.999999022861275        0.0000000000000000                       Infinity
  0.62000000000000000      	  0.54000000000000004      	   99.999999022861275        0.0000000000000000                       Infinity
  0.62000000000000000      	  0.58000000000000007      	   99.999999022861360        0.0000000000000000                       Infinity
  0.62000000000000000      	  0.62000000000000000      	   99.999999022861275        0.0000000000000000                       Infinity
  0.62000000000000000      	  0.66000000000000003      	   99.999999022861275        0.0000000000000000                       Infinity
  0.62000000000000000      	  0.69999999999999996      	   99.999999022861360        0.0000000000000000                       Infinity
  0.62000000000000000      	  0.73999999999999999      	   99.999999022863946        0.0000000000000000                       Infinity
  0.62000000000000000      	  0.78000000000000003      	   99.999999023544859        0.0000000000000000                       Infinity
  0.62000000000000000      	  0.81999999999999995      	   99.999999145453685        0.0000000000000000                       Infinity
  0.62000000000000000      	  0.85999999999999999      	   100.00001865273715        0.0000000000000000                       Infinity
  0.62000000000000000      	  0.90000000000000013      	   100.00251830121738        0.0000000000000000                       Infinity
  0.62000000000000000      	  0.93999999999999995      	   100.24292638018028        0.0000000000000000                       Infinity
  0.62000000000000000      	  0.97999999999999998      	   115.68600020065546        0.0000000000000000                       Infinity
  0.66000000000000003      	   2.0000000000000000E-002 	   115.68600020040708        0.0000000000000000                       Infinity
  0.66000000000000003      	   5.9999999999999998E-002 	   100.24292638017428        0.0000000000000000                       Infinity
  0.66000000000000003      	  0.10000000000000001      	   100.00251830123653        0.0000000000000000                       Infinity
  0.66000000000000003      	  0.14000000000000001      	   100.00001865274945        0.0000000000000000                       Infinity
  0.66000000000000003      	  0.17999999999999999      	   99.999999145426571        0.0000000000000000                       Infinity
  0.66000000000000003      	  0.22000000000000000      	   99.999999023536645        0.0000000000000000                       Infinity
  0.66000000000000003      	  0.26000000000000001      	   99.999999022864046        0.0000000000000000                       Infinity
  0.65999999999999992      	  0.30000000000000004      	   99.999999022862255        0.0000000000000000                       Infinity
  0.66000000000000003      	  0.33999999999999997      	   99.999999022862468        0.0000000000000000                       Infinity
  0.66000000000000003      	  0.38000000000000000      	   99.999999022861275        0.0000000000000000                       Infinity
  0.66000000000000014      	  0.42000000000000004      	   99.999999022861573        0.0000000000000000                       Infinity
  0.66000000000000014      	  0.46000000000000002      	   99.999999022862468        0.0000000000000000                       Infinity
  0.66000000000000003      	  0.50000000000000000      	   99.999999022861275        0.0000000000000000                       Infinity
  0.66000000000000003      	  0.54000000000000004      	   99.999999022861275        0.0000000000000000                       Infinity
  0.66000000000000003      	  0.58000000000000007      	   99.999999022861360        0.0000000000000000                       Infinity
  0.66000000000000003      	  0.62000000000000000      	   99.999999022861275        0.0000000000000000                       Infinity
  0.66000000000000003      	  0.66000000000000003      	   99.999999022861275        0.0000000000000000                       Infinity
  0.66000000000000003      	  0.69999999999999996      	   99.999999022861360        0.0000000000000000                       Infinity
  0.66000000000000003      	  0.73999999999999999      	   99.999999022863946        0.0000000000000000                       Infinity
  0.66000000000000003      	  0.78000000000000003      	   99.999999023544859        0.0000000000000000                       Infinity
  0.66000000000000003      	  0.81999999999999995      	   99.999999145453685        0.0000000000000000                       Infinity
  0.66000000000000003      	  0.85999999999999999      	   100.00001865273587        0.0000000000000000                       Infinity
  0.66000000000000003      	  0.90000000000000002      	   100.00251830121691        0.0000000000000000                       Infinity
  0.66000000000000003      	  0.93999999999999995      	   100.24292638018220        0.0000000000000000                       Infinity
  0.66000000000000003      	  0.97999999999999998      	   115.68600020065546        0.0000000000000000                       Infinity
  0.69999999999999996      	   2.0000000000000000E-002 	   115.68600020041019        0.0000000000000000                       Infinity
  0.69999999999999996      	   5.9999999999999998E-002 	   100.24292638017255        0.0000000000000000                       Infinity
  0.69999999999999996      	  0.10000000000000001      	   100.00251830123688        0.0000000000000000                       Infinity
  0.69999999999999996      	  0.14000000000000001      	   100.00001865274999        0.0000000000000000                       Infinity
  0.69999999999999996      	  0.17999999999999999      	   99.999999145425633        0.0000000000000000                       Infinity
  0.69999999999999996      	  0.22000000000000000      	   99.999999023536546        0.0000000000000000                       Infinity
  0.69999999999999996      	  0.26000000000000001      	   99.999999022864742        0.0000000000000000                       Infinity
  0.69999999999999996      	  0.30000000000000004      	   99.999999022862468        0.0000000000000000                       Infinity
  0.69999999999999996      	  0.33999999999999997      	   99.999999022862255        0.0000000000000000                       Infinity
  0.69999999999999996      	  0.38000000000000000      	   99.999999022861360        0.0000000000000000                       Infinity
  0.69999999999999996      	  0.42000000000000004      	   99.999999022862468        0.0000000000000000                       Infinity
  0.69999999999999996      	  0.45999999999999996      	   99.999999022862710        0.0000000000000000                       Infinity
  0.69999999999999996      	  0.50000000000000000      	   99.999999022861360        0.0000000000000000                       Infinity
  0.69999999999999996      	  0.54000000000000004      	   99.999999022861360        0.0000000000000000                       Infinity
  0.69999999999999996      	  0.58000000000000007      	   99.999999022861800        0.0000000000000000                       Infinity
  0.69999999999999996      	  0.62000000000000000      	   99.999999022861360        0.0000000000000000                       Infinity
  0.69999999999999996      	  0.66000000000000003      	   99.999999022861360        0.0000000000000000                       Infinity
  0.69999999999999996      	  0.69999999999999996      	   99.999999022861800        0.0000000000000000                       Infinity
  0.69999999999999996      	  0.73999999999999999      	   99.999999022864642        0.0000000000000000                       Infinity
  0.69999999999999996      	  0.78000000000000003      	   99.999999023545953        0.0000000000000000                       Infinity
  0.69999999999999996      	  0.82000000000000006      	   99.999999145453671        0.0000000000000000                       Infinity
  0.69999999999999996      	  0.85999999999999999      	   100.00001865273698        0.0000000000000000                       Infinity
  0.69999999999999996      	  0.89999999999999991      	   100.00251830121744        0.0000000000000000                       Infinity
  0.69999999999999996      	  0.93999999999999995      	   100.24292638018028        0.0000000000000000                       Infinity
  0.69999999999999996      	  0.97999999999999998      	   115.68600020065759        0.0000000000000000                       Infinity
  0.73999999999999999      	   2.0000000000000000E-002 	   115.68600020041126        0.0000000000000000                       Infinity
  0.73999999999999999      	   5.9999999999999998E-002 	   100.24292638017667        0.0000000000000000                       Infinity
  0.73999999999999999      	  0.10000000000000001      	   100.00251830123956        0.0000000000000000                       Infinity
  0.73999999999999999      	  0.14000000000000001      	   100.00001865275286        0.0000000000000000                       Infinity
  0.73999999999999999      	  0.17999999999999999      	   99.999999145429214        0.0000000000000000                       Infinity
  0.73999999999999999      	  0.22000000000000000      	   99.999999023539829        0.0000000000000000                       Infinity
  0.73999999999999999      	  0.26000000000000001      	   99.999999022867257        0.0000000000000000                       Infinity
  0.74000000000000010      	  0.30000000000000004      	   99.999999022864515        0.0000000000000000                       Infinity
  0.73999999999999999      	  0.33999999999999997      	   99.999999022864912        0.0000000000000000                       Infinity
  0.73999999999999999      	  0.38000000000000000      	   99.999999022864046        0.0000000000000000                       Infinity
  0.73999999999999999      	  0.42000000000000004      	   99.999999022864515        0.0000000000000000                       Infinity
  0.73999999999999999      	  0.45999999999999996      	   99.999999022864515        0.0000000000000000                       Infinity
  0.73999999999999999      	  0.50000000000000000      	   99.999999022864046        0.0000000000000000                       Infinity
  0.73999999999999999      	  0.54000000000000004      	   99.999999022864046        0.0000000000000000                       Infinity
  0.73999999999999999      	  0.58000000000000007      	   99.999999022864458        0.0000000000000000                       Infinity
  0.73999999999999999      	  0.62000000000000000      	   99.999999022864046        0.0000000000000000                       Infinity
  0.73999999999999999      	  0.66000000000000003      	   99.999999022864046        0.0000000000000000                       Infinity
  0.73999999999999999      	  0.69999999999999996      	   99.999999022864458        0.0000000000000000                       Infinity
  0.73999999999999999      	  0.73999999999999999      	   99.999999022866774        0.0000000000000000                       Infinity
  0.73999999999999999      	  0.78000000000000003      	   99.999999023548014        0.0000000000000000                       Infinity
  0.73999999999999999      	  0.81999999999999995      	   99.999999145457224        0.0000000000000000                       Infinity
  0.73999999999999999      	  0.85999999999999988      	   100.00001865273893        0.0000000000000000                       Infinity
  0.73999999999999999      	  0.89999999999999991      	   100.00251830122144        0.0000000000000000                       Infinity
  0.73999999999999999      	  0.93999999999999995      	   100.24292638018231        0.0000000000000000                       Infinity
  0.73999999999999999      	  0.97999999999999998      	   115.68600020065739        0.0000000000000000                       Infinity
  0.78000000000000003      	   2.0000000000000000E-002 	   115.68600020101830        0.0000000000000000                       Infinity
  0.78000000000000003      	   5.9999999999999998E-002 	   100.24292638081646        0.0000000000000000                       Infinity
  0.78000000000000003      	  0.10000000000000001      	   100.00251830187740        0.0000000000000000                       Infinity
  0.78000000000000003      	  0.14000000000000001      	   100.00001865338686        0.0000000000000000                       Infinity
  0.78000000000000003      	  0.17999999999999999      	   99.999999146033872        0.0000000000000000                       Infinity
  0.78000000000000003      	  0.22000000000000000      	   99.999999024185058        0.0000000000000000                       Infinity
  0.78000000000000003      	  0.26000000000000001      	   99.999999023539289        0.0000000000000000                       Infinity
  0.78000000000000014      	  0.30000000000000004      	   99.999999023536063        0.0000000000000000                       Infinity
  0.78000000000000003      	  0.33999999999999997      	   99.999999023536063        0.0000000000000000                       Infinity
  0.78000000000000003      	  0.38000000000000000      	   99.999999023535878        0.0000000000000000                       Infinity
  0.78000000000000003      	  0.42000000000000004      	   99.999999023537569        0.0000000000000000                       Infinity
  0.78000000000000003      	  0.46000000000000002      	   99.999999023536517        0.0000000000000000                       Infinity
  0.78000000000000003      	  0.50000000000000000      	   99.999999023535878        0.0000000000000000                       Infinity
  0.78000000000000003      	  0.54000000000000004      	   99.999999023535878        0.0000000000000000                       Infinity
  0.78000000000000003      	  0.58000000000000007      	   99.999999023537569        0.0000000000000000                       Infinity
  0.78000000000000003      	  0.62000000000000000      	   99.999999023536517        0.0000000000000000                       Infinity
  0.78000000000000003      	  0.66000000000000003      	   99.999999023535878        0.0000000000000000                       Infinity
  0.78000000000000003      	  0.69999999999999996      	   99.999999023537569        0.0000000000000000                       Infinity
  0.78000000000000003      	  0.73999999999999999      	   99.999999023538962        0.0000000000000000                       Infinity
  0.78000000000000003      	  0.78000000000000003      	   99.999999024184859        0.0000000000000000                       Infinity
  0.78000000000000003      	  0.81999999999999995      	   99.999999146058101        0.0000000000000000                       Infinity
  0.78000000000000003      	  0.86000000000000010      	   100.00001865337300        0.0000000000000000                       Infinity
  0.78000000000000003      	  0.90000000000000013      	   100.00251830185256        0.0000000000000000                       Infinity
  0.78000000000000003      	  0.94000000000000006      	   100.24292638081754        0.0000000000000000                       Infinity
  0.78000000000000003      	  0.97999999999999998      	   115.68600020126568        0.0000000000000000                       Infinity
  0.81999999999999995      	   2.0000000000000000E-002 	   115.68600031802758        0.0000000000000000                       Infinity
  0.82000000000000006      	   5.9999999999999998E-002 	   100.24292650255622        0.0000000000000000                       Infinity
  0.82000000000000006      	  0.10000000000000001      	   100.00251842368792        0.0000000000000000                       Infinity
  0.81999999999999995      	  0.14000000000000001      	   100.00001877518444        0.0000000000000000                       Infinity
  0.82000000000000006      	  0.17999999999999999      	   99.999999267897451        0.0000000000000000                       Infinity
  0.82000000000000006      	  0.22000000000000000      	   99.999999146026525        0.0000000000000000                       Infinity
  0.82000000000000006      	  0.26000000000000001      	   99.999999145425974        0.0000000000000000                       Infinity
  0.82000000000000006      	  0.30000000000000004      	   99.999999145422336        0.0000000000000000                       Infinity
  0.81999999999999995      	  0.33999999999999997      	   99.999999145422450        0.0000000000000000                       Infinity
  0.82000000000000006      	  0.38000000000000000      	   99.999999145422905        0.0000000000000000                       Infinity
  0.82000000000000006      	  0.42000000000000004      	   99.999999145423047        0.0000000000000000                       Infinity
  0.82000000000000006      	  0.46000000000000002      	   99.999999145422450        0.0000000000000000                       Infinity
  0.81999999999999995      	  0.50000000000000000      	   99.999999145422905        0.0000000000000000                       Infinity
  0.81999999999999995      	  0.54000000000000004      	   99.999999145422905        0.0000000000000000                       Infinity
  0.82000000000000006      	  0.58000000000000007      	   99.999999145423175        0.0000000000000000                       Infinity
  0.82000000000000006      	  0.62000000000000000      	   99.999999145422592        0.0000000000000000                       Infinity
  0.81999999999999995      	  0.66000000000000003      	   99.999999145422905        0.0000000000000000                       Infinity
  0.82000000000000006      	  0.69999999999999996      	   99.999999145423175        0.0000000000000000                       Infinity
  0.82000000000000006      	  0.73999999999999999      	   99.999999145426187        0.0000000000000000                       Infinity
  0.81999999999999995      	  0.78000000000000003      	   99.999999146034654        0.0000000000000000                       Infinity
  0.81999999999999995      	  0.82000000000000006      	   99.999999267912244        0.0000000000000000                       Infinity
  0.81999999999999995      	  0.86000000000000010      	   100.00001877516095        0.0000000000000000                       Infinity
  0.81999999999999995      	  0.90000000000000013      	   100.00251842366728        0.0000000000000000                       Infinity
  0.81999999999999995      	  0.94000000000000017      	   100.24292650256453        0.0000000000000000                       Infinity
  0.81999999999999995      	  0.97999999999999998      	   115.68600031827442        0.0000000000000000                       Infinity
  0.85999999999999988      	   2.0000000000000000E-002 	   115.68601905316807        0.0000000000000000                       Infinity
  0.85999999999999999      	   5.9999999999999998E-002 	   100.24294599647745        0.0000000000000000                       Infinity
  0.85999999999999999      	  0.10000000000000001      	   100.00253792937541        0.0000000000000000                       Infinity
  0.85999999999999988      	  0.14000000000000001      	   100.00003828106934        0.0000000000000000                       Infinity
  0.86000000000000010      	  0.17999999999999999      	   100.00001877376866        0.0000000000000000                       Infinity
  0.86000000000000010      	  0.22000000000000000      	   100.00001865195807        0.0000000000000000                       Infinity
  0.86000000000000010      	  0.26000000000000001      	   100.00001865132076        0.0000000000000000                       Infinity
  0.85999999999999999      	  0.30000000000000004      	   100.00001865131826        0.0000000000000000                       Infinity
  0.85999999999999988      	  0.33999999999999997      	   100.00001865131912        0.0000000000000000                       Infinity
  0.86000000000000010      	  0.38000000000000000      	   100.00001865131830        0.0000000000000000                       Infinity
  0.86000000000000010      	  0.41999999999999993      	   100.00001865131826        0.0000000000000000                       Infinity
  0.86000000000000010      	  0.45999999999999996      	   100.00001865131917        0.0000000000000000                       Infinity
  0.85999999999999999      	  0.50000000000000000      	   100.00001865131830        0.0000000000000000                       Infinity
  0.85999999999999999      	  0.54000000000000004      	   100.00001865131830        0.0000000000000000                       Infinity
  0.86000000000000010      	  0.58000000000000007      	   100.00001865131871        0.0000000000000000                       Infinity
  0.86000000000000010      	  0.62000000000000000      	   100.00001865131830        0.0000000000000000                       Infinity
  0.85999999999999999      	  0.66000000000000003      	   100.00001865131830        0.0000000000000000                       Infinity
  0.85999999999999999      	  0.69999999999999996      	   100.00001865131871        0.0000000000000000                       Infinity
  0.86000000000000010      	  0.73999999999999999      	   100.00001865132161        0.0000000000000000                       Infinity
  0.85999999999999999      	  0.78000000000000003      	   100.00001865195819        0.0000000000000000                       Infinity
  0.85999999999999988      	  0.81999999999999995      	   100.00001877371108        0.0000000000000000                       Infinity
  0.85999999999999988      	  0.85999999999999988      	   100.00003828104552        0.0000000000000000                       Infinity
  0.85999999999999999      	  0.90000000000000002      	   100.00253792940936        0.0000000000000000                       Infinity
  0.85999999999999988      	  0.94000000000000006      	   100.24294599648766        0.0000000000000000                       Infinity
  0.85999999999999999      	  0.97999999999999998      	   115.68601905340978        0.0000000000000000                       Infinity
  0.90000000000000002      	   2.0000000000000000E-002 	   115.68841987802425        0.0000000000000000                       Infinity
  0.89999999999999991      	   5.9999999999999998E-002 	   100.24544405571572        0.0000000000000000                       Infinity
  0.90000000000000002      	  0.10000000000000001      	   100.00503750233618        0.0000000000000000                       Infinity
  0.89999999999999991      	  0.14000000000000001      	   100.00253786968864        0.0000000000000000                       Infinity
  0.90000000000000013      	  0.17999999999999999      	   100.00251836257907        0.0000000000000000                       Infinity
  0.90000000000000013      	  0.22000000000000000      	   100.00251824074871        0.0000000000000000                       Infinity
  0.90000000000000002      	  0.26000000000000001      	   100.00251824011498        0.0000000000000000                       Infinity
  0.89999999999999991      	  0.30000000000000004      	   100.00251824011058        0.0000000000000000                       Infinity
  0.89999999999999991      	  0.33999999999999997      	   100.00251824011058        0.0000000000000000                       Infinity
  0.90000000000000013      	  0.38000000000000000      	   100.00251824011215        0.0000000000000000                       Infinity
  0.90000000000000013      	  0.42000000000000004      	   100.00251824011058        0.0000000000000000                       Infinity
  0.90000000000000013      	  0.45999999999999996      	   100.00251824011058        0.0000000000000000                       Infinity
  0.90000000000000002      	  0.50000000000000000      	   100.00251824011212        0.0000000000000000                       Infinity
  0.90000000000000013      	  0.54000000000000004      	   100.00251824011212        0.0000000000000000                       Infinity
  0.90000000000000013      	  0.58000000000000007      	   100.00251824011212        0.0000000000000000                       Infinity
  0.90000000000000013      	  0.62000000000000000      	   100.00251824011212        0.0000000000000000                       Infinity
  0.89999999999999991      	  0.66000000000000003      	   100.00251824011215        0.0000000000000000                       Infinity
  0.90000000000000002      	  0.69999999999999996      	   100.00251824011215        0.0000000000000000                       Infinity
  0.90000000000000002      	  0.73999999999999999      	   100.00251824011355        0.0000000000000000                       Infinity
  0.90000000000000002      	  0.78000000000000003      	   100.00251824075085        0.0000000000000000                       Infinity
  0.90000000000000002      	  0.82000000000000006      	   100.00251836257893        0.0000000000000000                       Infinity
  0.90000000000000002      	  0.85999999999999999      	   100.00253786968665        0.0000000000000000                       Infinity
  0.89999999999999991      	  0.89999999999999991      	   100.00503750233587        0.0000000000000000                       Infinity
  0.89999999999999991      	  0.93999999999999995      	   100.24544405572389        0.0000000000000000                       Infinity
  0.90000000000000002      	  0.97999999999999998      	   115.68841987827562        0.0000000000000000                       Infinity
  0.93999999999999995      	   2.0000000000000000E-002 	   115.91933000972168        0.0000000000000000                       Infinity
  0.93999999999999995      	   5.9999999999999998E-002 	   100.48570604632049        0.0000000000000000                       Infinity
  0.93999999999999995      	  0.10000000000000001      	   100.24544507914936        0.0000000000000000                       Infinity
  0.93999999999999995      	  0.14000000000000001      	   100.24294696026054        0.0000000000000000                       Infinity
  0.94000000000000006      	  0.17999999999999999      	   100.24292746493397        0.0000000000000000                       Infinity
  0.94000000000000006      	  0.22000000000000000      	   100.24292734317538        0.0000000000000000                       Infinity
  0.93999999999999995      	  0.26000000000000001      	   100.24292734254354        0.0000000000000000                       Infinity
  0.93999999999999995      	  0.30000000000000004      	   100.24292734254196        0.0000000000000000                       Infinity
  0.93999999999999995      	  0.33999999999999997      	   100.24292734254080        0.0000000000000000                       Infinity
  0.93999999999999995      	  0.38000000000000000      	   100.24292734253908        0.0000000000000000                       Infinity
  0.94000000000000006      	  0.41999999999999998      	   100.24292734254003        0.0000000000000000                       Infinity
  0.94000000000000006      	  0.45999999999999996      	   100.24292734254003        0.0000000000000000                       Infinity
  0.93999999999999995      	  0.50000000000000000      	   100.24292734254102        0.0000000000000000                       Infinity
  0.94000000000000006      	  0.54000000000000004      	   100.24292734254102        0.0000000000000000                       Infinity
  0.94000000000000006      	  0.58000000000000007      	   100.24292734254003        0.0000000000000000                       Infinity
  0.93999999999999995      	  0.62000000000000000      	   100.24292734254247        0.0000000000000000                       Infinity
  0.93999999999999995      	  0.66000000000000003      	   100.24292734253908        0.0000000000000000                       Infinity
  0.93999999999999995      	  0.69999999999999996      	   100.24292734254247        0.0000000000000000                       Infinity
  0.93999999999999995      	  0.73999999999999999      	   100.24292734254368        0.0000000000000000                       Infinity
  0.93999999999999995      	  0.78000000000000003      	   100.24292734318045        0.0000000000000000                       Infinity
  0.93999999999999995      	  0.82000000000000006      	   100.24292746493455        0.0000000000000000                       Infinity
  0.93999999999999995      	  0.85999999999999988      	   100.24294696025754        0.0000000000000000                       Infinity
  0.93999999999999995      	  0.89999999999999991      	   100.24544507914169        0.0000000000000000                       Infinity
  0.93999999999999995      	  0.93999999999999995      	   100.48570604632262        0.0000000000000000                       Infinity
  0.93999999999999995      	  0.97999999999999998      	   115.91933000996818        0.0000000000000000                       Infinity
  0.97999999999999998      	   2.0000000000000000E-002 	   130.75222180094724        0.0000000000000000                       Infinity
  0.97999999999999998      	   5.9999999999999998E-002 	   115.91933002573013        0.0000000000000000                       Infinity
  0.97999999999999998      	  0.10000000000000001      	   115.68842096858486        0.0000000000000000                       Infinity
  0.97999999999999998      	  0.14000000000000001      	   115.68602008731649        0.0000000000000000                       Infinity
  0.97999999999999998      	  0.17999999999999999      	   115.68600135084669        0.0000000000000000                       Infinity
  0.97999999999999998      	  0.22000000000000000      	   115.68600123382019        0.0000000000000000                       Infinity
  0.97999999999999998      	  0.26000000000000001      	   115.68600123321434        0.0000000000000000                       Infinity
  0.97999999999999998      	  0.30000000000000004      	   115.68600123321546        0.0000000000000000                       Infinity
  0.97999999999999998      	  0.33999999999999997      	   115.68600123321546        0.0000000000000000                       Infinity
  0.97999999999999998      	  0.38000000000000000      	   115.68600123320975        0.0000000000000000                       Infinity
  0.97999999999999998      	  0.42000000000000004      	   115.68600123321546        0.0000000000000000                       Infinity
  0.97999999999999998      	  0.45999999999999996      	   115.68600123321443        0.0000000000000000                       Infinity
  0.97999999999999998      	  0.50000000000000000      	   115.68600123320975        0.0000000000000000                       Infinity
  0.97999999999999998      	  0.54000000000000004      	   115.68600123320975        0.0000000000000000                       Infinity
  0.97999999999999998      	  0.58000000000000007      	   115.68600123321261        0.0000000000000000                       Infinity
  0.97999999999999998      	  0.62000000000000000      	   115.68600123320975        0.0000000000000000                       Infinity
  0.97999999999999998      	  0.66000000000000003      	   115.68600123320975        0.0000000000000000                       Infinity
  0.97999999999999998      	  0.69999999999999996      	   115.68600123321261        0.0000000000000000                       Infinity
  0.97999999999999998      	  0.73999999999999999      	   115.68600123321434        0.0000000000000000                       Infinity
  0.97999999999999998      	  0.78000000000000003      	   115.68600123382342        0.0000000000000000                       Infinity
  0.97999999999999998      	  0.82000000000000006      	   115.68600135084381        0.0000000000000000                       Infinity
  0.97999999999999998      	  0.85999999999999999      	   115.68602008732240        0.0000000000000000                       Infinity
  0.97999999999999998      	  0.90000000000000002      	   115.68842096858438        0.0000000000000000                       Infinity
  0.97999999999999998      	  0.93999999999999995      	   115.91933002573317        0.0000000000000000                       Infinity
  0.97999999999999998      	  0.97999999999999998      	   130.75222180120437        0.0000000000000000                       Infinity
