   1.9999999999999997E-002 	   2.0000000000000004E-002 	   6.9369621773553787E-004   6.6964717221396455E-004   3.5913009894543713     
   1.9999999999999997E-002 	   6.0000000000000005E-002 	   2.0783495060093492E-003   2.0062987251858577E-003   3.5912289590283692     
   2.0000000000000000E-002 	  0.10000000000000001      	   3.4547962140489617E-003   3.3350323336801425E-003   3.5910860341393498     
   2.0000000000000000E-002 	  0.14000000000000001      	   4.8176014482117970E-003   4.6506040931847351E-003   3.5908744687983547     
   2.0000000000000000E-002 	  0.17999999999999999      	   6.1613843984916804E-003   5.9478220429924379E-003   3.5905975995172192     
   2.0000000000000000E-002 	  0.22000000000000000      	   7.4808396605684415E-003   7.2215666564978643E-003   3.5902597926903708     
   2.0000000000000000E-002 	  0.26000000000000001      	   8.7707582484540265E-003   8.4668110456300755E-003   3.5898663757333451     
   2.0000000000000000E-002 	  0.30000000000000004      	   1.0026048212163789E-002   9.6786407996832090E-003   3.5894235530669878     
   2.0000000000000000E-002 	  0.33999999999999997      	   1.1241754776912296E-002   1.0852273380250370E-002   3.5889383082693818     
   2.0000000000000000E-002 	  0.38000000000000000      	   1.2413079922809191E-002   1.1983076995717785E-002   3.5884182939412779     
   2.0000000000000004E-002 	  0.42000000000000004      	   1.3535401326880754E-002   1.3066588880830236E-002   3.5878717110194307     
   2.0000000000000004E-002 	  0.45999999999999996      	   1.4604290592434089E-002   1.4098532909186673E-002   3.5873071794432021     
   2.0000000000000000E-002 	  0.50000000000000000      	   1.5615530694275476E-002   1.5074836469157558E-002   3.5867336022128988     
   2.0000000000000000E-002 	  0.54000000000000004      	   1.6565132572055458E-002   1.5991646536622363E-002   3.5861600249840375     
   2.0000000000000000E-002 	  0.58000000000000007      	   1.7449350808001779E-002   1.6845344881095469E-002   3.5855954934122476     
   2.0000000000000000E-002 	  0.62000000000000000      	   1.8264698329479336E-002   1.7632562345228919E-002   3.5850489104974685     
   2.0000000000000000E-002 	  0.66000000000000014      	   1.9007960081147759E-002   1.8350192141337235E-002   3.5845288961785826     
   2.0000000000000000E-002 	  0.69999999999999996      	   1.9676205615937296E-002   1.8995402112469036E-002   3.5840436513916445     
   2.0000000000000000E-002 	  0.73999999999999999      	   2.0266800558602176E-002   1.9565645909636668E-002   3.5836008287371137     
   2.0000000000000000E-002 	  0.78000000000000003      	   2.0777416900207877E-002   2.0058673041092320E-002   3.5832074117920678     
   2.0000000000000000E-002 	  0.82000000000000006      	   2.1206042086545890E-002   2.0472537753990803E-002   3.5828696049765583     
   2.0000000000000000E-002 	  0.85999999999999999      	   2.1550986868120361E-002   2.0805606713387111E-002   3.5825927357054441     
   2.0000000000000000E-002 	  0.90000000000000002      	   2.1810891884008993E-002   2.1056565448263245E-002   3.5823811703725181     
   2.0000000000000000E-002 	  0.93999999999999995      	   2.1984732956548694E-002   2.1224423539144784E-002   3.5822382454894539     
   2.0000000000000000E-002 	  0.97999999999999998      	   2.2071825078433499E-002   2.1308518526834085E-002   3.5821662150663935     
   5.9999999999999991E-002 	   2.0000000000000004E-002 	   2.0712863913921829E-003   1.9983807807082486E-003   3.6482341797790752     
   5.9999999999999998E-002 	   6.0000000000000012E-002 	   6.2056804382514376E-003   5.9872556461566286E-003   3.6481621130546094     
   5.9999999999999998E-002 	  0.10000000000000001      	   1.0315570707924160E-002   9.9525015488865429E-003   3.6480191161410684     
   5.9999999999999998E-002 	  0.14000000000000001      	   1.4384729317511696E-002   1.3878469474868456E-002   3.6478074441853292     
   5.9999999999999998E-002 	  0.17999999999999999      	   1.8397089870759404E-002   1.7749665422302649E-002   3.6475304353808218     
   5.9999999999999998E-002 	  0.22000000000000000      	   2.2336811122901461E-002   2.1550811549365802E-002   3.6471924583220132     
   5.9999999999999998E-002 	  0.26000000000000001      	   2.6188339721669250E-002   2.5266906468872877E-002   3.6467988431093334     
   5.9999999999999998E-002 	  0.30000000000000004      	   2.9936471768958476E-002   2.8883284451898854E-002   3.6463557972901630     
   5.9999999999999998E-002 	  0.34000000000000002      	   3.3566412953833613E-002   3.2385673306710674E-002   3.6458703079619967     
   5.9999999999999998E-002 	  0.38000000000000000      	   3.7063837014941009E-002   3.5760250704587659E-002   3.6453500315816112     
   6.0000000000000012E-002 	  0.42000000000000004      	   4.0414942298913258E-002   3.8993698730238169E-002   3.6448031732187718     
   6.0000000000000012E-002 	  0.45999999999999996      	   4.3606506190873827E-002   4.2073256441526818E-002   3.6442383571566670     
   5.9999999999999998E-002 	  0.50000000000000000      	   4.6625937203587937E-002   4.4986770231083245E-002   3.6436644908820841     
   5.9999999999999998E-002 	  0.54000000000000004      	   4.9461324523033583E-002   4.7722741791037949E-002   3.6430906246089338     
   5.9999999999999998E-002 	  0.58000000000000007      	   5.2101484820076524E-002   5.0270373491590248E-002   3.6425258085512406     
   5.9999999999999998E-002 	  0.62000000000000011      	   5.4536006150408101E-002   5.2619610994320304E-002   3.6419789501952988     
   5.9999999999999998E-002 	  0.66000000000000014      	   5.6755288777837996E-002   5.4761182932069358E-002   3.6414586738243124     
   5.9999999999999998E-002 	  0.70000000000000018      	   5.8750582769319964E-002   5.6686637498790271E-002   3.6409731845070885     
   5.9999999999999998E-002 	  0.73999999999999999      	   6.0514022223641564E-002   5.8388375804964691E-002   3.6405301386995110     
   5.9999999999999998E-002 	  0.78000000000000003      	   6.2038656009437441E-002   5.9859681866948448E-002   3.6401365234988239     
   5.9999999999999998E-002 	  0.82000000000000006      	   6.3318474902023372E-002   6.1094749111890709E-002   3.6397985464512952     
   5.9999999999999998E-002 	  0.85999999999999999      	   6.4348435022447581E-002   6.2088703293624196E-002   3.6395215376569690     
   5.9999999999999998E-002 	  0.89999999999999991      	   6.5124477496051936E-002   6.2837621729088106E-002   3.6393098657093570     
   5.9999999999999998E-002 	  0.93999999999999995      	   6.5643544261724376E-002   6.3338548779365969E-002   3.6391668688015697     
   5.9999999999999998E-002 	  0.97999999999999998      	   6.5903589976861188E-002   6.3589507514242097E-002   3.6390948020800562     
   9.9999999999999992E-002 	   2.0000000000000000E-002 	   3.4171229012730205E-003   3.2955987305159505E-003   3.6874686724389063     
   9.9999999999999992E-002 	   5.9999999999999998E-002 	   1.0237875762687398E-002   9.8737899689743478E-003   3.6873965808173872     
  0.10000000000000001      	  0.10000000000000001      	   1.7018203303346014E-002   1.6413013869330761E-002   3.6872535345023132     
  0.10000000000000001      	  0.14000000000000001      	   2.3731333431458911E-002   2.2887463102337701E-002   3.6870417894197174     
  0.10000000000000001      	  0.17999999999999999      	   3.0350760469199583E-002   2.9271585974766989E-002   3.6867646849162052     
  0.10000000000000001      	  0.22000000000000000      	   3.6850350184325843E-002   3.5540187270269447E-002   3.6864265910956293     
  0.10000000000000001      	  0.26000000000000001      	   4.3204443297695447E-002   4.1668527683383257E-002   3.6860328398996658     
  0.10000000000000001      	  0.30000000000000004      	   4.9387957045155972E-002   4.7632421454270261E-002   3.6855896410202900     
  0.10000000000000001      	  0.34000000000000008      	   5.5376484382488773E-002   5.3408331818860663E-002   3.6851039839687996     
  0.10000000000000001      	  0.38000000000000000      	   6.1146390434283764E-002   5.8973463897707884E-002   3.6845835278472330     
  0.10000000000000001      	  0.42000000000000004      	   6.6674905801661993E-002   6.4305854656963701E-002   3.6840364805597785     
  0.10000000000000001      	  0.45999999999999996      	   7.1940216359481418E-002   6.9384459586438921E-002   3.6834714693692243     
  0.10000000000000001      	  0.50000000000000000      	   7.6921549190876223E-002   7.4189235752670848E-002   3.6828974048395025     
  0.10000000000000001      	  0.54000000000000004      	   8.1599254325506868E-002   7.8701220899224766E-002   3.6823233403112909     
  0.10000000000000001      	  0.58000000000000007      	   8.5954881967543764E-002   8.2902608282057158E-002   3.6817583291251141     
  0.10000000000000001      	  0.62000000000000011      	   8.9971254919989599E-002   8.6776816944599294E-002   3.6812112818446909     
  0.10000000000000001      	  0.65999999999999992      	   9.3632535933281080E-002   9.0308557155217697E-002   3.6806908257323823     
  0.10000000000000001      	  0.69999999999999996      	   9.6924289728031202E-002   9.3483890748799731E-002   3.6802051686917441     
  0.10000000000000001      	  0.73999999999999999      	   9.9833539464129109E-002   9.6290286134323402E-002   3.6797619698241681     
  0.10000000000000001      	  0.78000000000000003      	  0.10234881745106490        9.8716667751322165E-002   3.6793682186401493     
  0.10000000000000001      	  0.81999999999999995      	  0.10446020991717989       0.10075345978006202        3.6790301248309012     
  0.10000000000000001      	  0.85999999999999988      	  0.10615939567846261       0.10239262393292732        3.6787530203374090     
  0.10000000000000001      	  0.89999999999999991      	  0.10743967857044971       0.10362769117786956        3.6785412752631403     
  0.10000000000000001      	  0.93999999999999995      	  0.10829601352968923       0.10445378726872152        3.6783982289536925     
  0.10000000000000001      	  0.97999999999999998      	  0.10872502623406961       0.10486765198162001        3.6783261373351581     
  0.14000000000000001      	   2.0000000000000000E-002 	   4.7098670962418734E-003   4.5408431196481622E-003   3.7223038131915835     
  0.13999999999999999      	   5.9999999999999998E-002 	   1.4111003784247213E-002   1.3604608725665119E-002   3.7222316995179625     
  0.14000000000000001      	  0.10000000000000001      	   2.3456421702223014E-002   2.2614683156396399E-002   3.7220886094463590     
  0.14000000000000001      	  0.14000000000000001      	   3.2709220511491464E-002   3.1535507764375352E-002   3.7218767995929269     
  0.14000000000000001      	  0.17999999999999999      	   4.1832867075317831E-002   4.0331876130411379E-002   3.7215996103257458     
  0.14000000000000001      	  0.22000000000000000      	   5.0791340225406316E-002   4.8969073007242167E-002   3.7212614130854567     
  0.14000000000000001      	  0.26000000000000001      	   5.9549273427703581E-002   5.7413011324754799E-002   3.7208675414447177     
  0.14000000000000001      	  0.30000000000000004      	   6.8072094766523053E-002   6.5630366716078498E-002   3.7204242069949718     
  0.14000000000000001      	  0.33999999999999997      	   7.6326163680062384E-002   7.3588709033636304E-002   3.7199384013855030     
  0.14000000000000001      	  0.38000000000000000      	   8.4278903897197388E-002   8.1256630336121558E-002   3.7194177860613533     
  0.14000000000000001      	  0.41999999999999993      	   9.1898932044787177E-002   8.8603868841293384E-002   3.7188705714373329     
  0.14000000000000001      	  0.45999999999999996      	   9.9156181416390696E-002   9.5601428355405860E-002   3.7183053874150924     
  0.14000000000000001      	  0.50000000000000000      	  0.10602202041702204       0.10222169270793761        3.7177311472844776     
  0.14000000000000001      	  0.54000000000000004      	  0.11246936522410628       0.10843853474000034        3.7171569071553119     
  0.14000000000000001      	  0.58000000000000007      	  0.11847278623187808       0.11422741941629837        3.7165917231375110     
  0.14000000000000001      	  0.62000000000000011      	  0.12400860787483130       0.11956550065370423        3.7160445085205369     
  0.14000000000000001      	  0.66000000000000003      	  0.12905500145523549       0.12443171148431124        3.7155238932056047     
  0.14000000000000001      	  0.69999999999999996      	  0.13359207062995032       0.12880684719713120        3.7150380876069575     
  0.14000000000000001      	  0.73999999999999999      	  0.13760192924258005       0.13267364113031510        3.7145947531689978     
  0.14000000000000001      	  0.78000000000000003      	  0.14106877121822825       0.13601683281477864        3.7142008815402328     
  0.14000000000000001      	  0.82000000000000006      	  0.14397893226958963       0.13882322820030230        3.7138626843112919     
  0.14000000000000001      	  0.85999999999999988      	  0.14632094319470026       0.14108175172641951        3.7135854950542413     
  0.14000000000000001      	  0.89999999999999991      	  0.14808557457828728       0.14278349003259394        3.7133736852089840     
  0.14000000000000001      	  0.94000000000000006      	  0.14926587274022349       0.14392172713518142        3.7132305951431981     
  0.14000000000000001      	  0.97999999999999998      	  0.14985718680607027       0.14449197093234906        3.7131584814724410     
  0.17999999999999999      	   2.0000000000000004E-002 	   5.9290520762415727E-003   5.7144757002153216E-003   3.7549617372275441     
  0.17999999999999999      	   6.0000000000000012E-002 	   1.7763744618879848E-002   1.7120874675752837E-002   3.7548896029095142     
  0.17999999999999999      	  0.10000000000000001      	   2.9528295164417691E-002   2.8459705380728763E-002   3.7547464718749834     
  0.17999999999999999      	  0.14000000000000001      	   4.1176251441035962E-002   3.9686218630569578E-002   3.7545346013858785     
  0.17999999999999999      	  0.17999999999999999      	   5.2661623431812091E-002   5.0756108506384200E-002   3.7542573327665809     
  0.17999999999999999      	  0.22000000000000000      	   6.3939065615102861E-002   6.1625687210184375E-002   3.7539190387091899     
  0.17999999999999999      	  0.26000000000000001      	   7.4964056560457903E-002   7.2252057480664392E-002   3.7535250543131986     
  0.18000000000000002      	  0.30000000000000004      	   8.5693075148684933E-002   8.2593281889093442E-002   3.7530815929483277     
  0.17999999999999999      	  0.33999999999999997      	   9.6083772702385689E-002   9.2608548347187486E-002   3.7525956482652774     
  0.17999999999999999      	  0.37999999999999995      	  0.10609514033444549       0.10225833117377643        3.7520748839024529     
  0.17999999999999999      	  0.41999999999999998      	  0.11568767084631729       0.11150454708461016        3.7515275126250693     
  0.17999999999999999      	  0.45999999999999996      	  0.12482351453521748       0.12031070548968290        3.7509621668053250     
  0.17999999999999999      	  0.50000000000000000      	  0.13346662829921715       0.12864205250492083        3.7503877622846313     
  0.17999999999999999      	  0.54000000000000004      	  0.14158291746135893       0.13646570810988529        3.7498133577654147     
  0.17999999999999999      	  0.58000000000000007      	  0.14914036976801695       0.14375079591019166        3.7492480119500895     
  0.17999999999999999      	  0.62000000000000011      	  0.15610918105242894       0.15046856499253219        3.7487006406797905     
  0.17999999999999999      	  0.66000000000000014      	  0.16246187209134730       0.15659250339139569        3.7481798763261329     
  0.17999999999999999      	  0.69999999999999996      	  0.16817339622079414       0.16209844271968307        3.7476939316539171     
  0.17999999999999999      	  0.73999999999999988      	  0.17322123731568945       0.16696465355029008        3.7472504703008109     
  0.17999999999999999      	  0.77999999999999992      	  0.17758549777742427       0.17117193117222854        3.7468564859168296     
  0.17999999999999999      	  0.81999999999999995      	  0.18124897621307146       0.17470367138284695        3.7465181918707771     
  0.17999999999999999      	  0.85999999999999999      	  0.18419723452969072       0.17754593601703264        3.7462409232616842     
  0.17999999999999999      	  0.89999999999999991      	  0.18641865420698561       0.17968750795478169        3.7460290527807913     
  0.17999999999999999      	  0.93999999999999995      	  0.18790448155130907       0.18111993539004695        3.7458859217520168     
  0.17999999999999999      	  0.97999999999999998      	  0.18864886177363810       0.18183756518615529        3.7458137874370330     
  0.22000000000000000      	   2.0000000000000004E-002 	   7.0553778171724025E-003   6.7979875853277699E-003   3.7862709899641915     
  0.22000000000000000      	   6.0000000000000012E-002 	   2.1138274402847955E-002   2.0367134204689136E-002   3.7861988358739209     
  0.22000000000000000      	  0.10000000000000001      	   3.5137704310056479E-002   3.3855901050203106E-002   3.7860556656065820     
  0.22000000000000000      	  0.14000000000000001      	   4.8998390857214948E-002   4.7211054121561853E-002   3.7858437370429234     
  0.22000000000000000      	  0.17999999999999999      	   6.2665607430853032E-002   6.0379886730981783E-002   3.7855663924232128     
  0.22000000000000000      	  0.21999999999999997      	   7.6085394345673962E-002   7.3310427512420825E-002   3.7852280056380523     
  0.22000000000000000      	  0.26000000000000001      	   8.9204772557787415E-002   8.5951645528816872E-002   3.7848339132493654     
  0.22000000000000000      	  0.30000000000000004      	  0.10197195336079767        9.8253651667882316E-002   3.7843903303298965     
  0.22000000000000000      	  0.33999999999999997      	  0.11433654321549191       0.11016789553163828        3.7839042524475524     
  0.22000000000000000      	  0.37999999999999989      	  0.12624974288905413       0.12164735704265474        3.7833833453410772     
  0.22000000000000000      	  0.41999999999999993      	  0.13766454010872115       0.13264673201081489        3.7828358240270417     
  0.22000000000000000      	  0.45999999999999996      	  0.14853589496724690       0.14312261092825582        3.7822703232437798     
  0.22000000000000000      	  0.50000000000000000      	  0.15882091735308926       0.15303365028686419        3.7816957612765134     
  0.22000000000000000      	  0.54000000000000004      	  0.16847903571648065       0.16234073574221478        3.7811211993107188     
  0.22000000000000000      	  0.58000000000000007      	  0.17747215652310955       0.17100713648001814        3.7805556985318169     
  0.22000000000000000      	  0.62000000000000011      	  0.18576481378963394       0.17899865017586411        3.7800081772248868     
  0.22000000000000000      	  0.66000000000000014      	  0.19332430813929785       0.18628373797617048        3.7794872701276816     
  0.22000000000000000      	  0.69999999999999996      	  0.20012083486118731       0.19283364896762947        3.7790011922561932     
  0.22000000000000000      	  0.73999999999999977      	  0.20612760050281081       0.19862253364392751        3.7785576093484470     
  0.22000000000000000      	  0.78000000000000003      	  0.21132092757246462       0.20362754592193708        3.7781635169717620     
  0.22000000000000000      	  0.81999999999999984      	  0.21568034697497951       0.20782893330476948        3.7778251301980026     
  0.22000000000000000      	  0.85999999999999988      	  0.21918867785177670       0.21121011483585594        3.7775477855884785     
  0.22000000000000000      	  0.90000000000000002      	  0.22183209454351388       0.21375774653640828        3.7773358570330644     
  0.22000000000000000      	  0.94000000000000006      	  0.22360018044089136       0.21546177406800651        3.7771926867714880     
  0.22000000000000000      	  0.97999999999999998      	  0.22448596853634428       0.21631547241247964        3.7771205326842208     
  0.26000000000000001      	   2.0000000000000000E-002 	   8.0710062595407556E-003   7.7742911452986585E-003   3.8166195309205695     
  0.26000000000000001      	   5.9999999999999998E-002 	   2.4181149393478044E-002   2.3292191860481256E-002   3.8165473576792910     
  0.26000000000000001      	  0.10000000000000001      	   4.0195810741414602E-002   3.8718168935580805E-002   3.8164041494118539     
  0.26000000000000001      	  0.14000000000000001      	   5.6051756490970418E-002   5.3991343086540418E-002   3.8161921645984096     
  0.26000000000000001      	  0.17999999999999999      	   7.1686382080627511E-002   6.9051438072635821E-002   3.8159147463662810     
  0.26000000000000001      	  0.21999999999999997      	   8.7037960276975537E-002   8.3839018579259808E-002   3.8155762697669351     
  0.26000000000000001      	  0.26000000000000001      	  0.10204588565214484        9.8295724781955696E-002   3.8151820727787831     
  0.26000000000000001      	  0.30000000000000004      	  0.11665091446582791       0.11236450266598222        3.8147383721241557     
  0.26000000000000001      	  0.33999999999999997      	  0.13079539898038381       0.12598982919244436        3.8142521652276646     
  0.26000000000000001      	  0.38000000000000000      	  0.14442351526632574       0.13911793142236176        3.8137311198627897     
  0.26000000000000001      	  0.41999999999999993      	  0.15748148358865419       0.15169699873389234        3.8131834532264044     
  0.26000000000000001      	  0.45999999999999996      	  0.16991778050162215       0.16367738729518669        3.8126178023486670     
  0.26000000000000001      	  0.50000000000000000      	  0.18168334182017992       0.17501181598591226        3.8120430878819618     
  0.26000000000000001      	  0.54000000000000004      	  0.19273175568010190       0.18565555299423475        3.8114683734167030     
  0.26000000000000001      	  0.58000000000000007      	  0.20301944494520296       0.19556659235284313        3.8109027225433931     
  0.26000000000000001      	  0.62000000000000000      	  0.21250583826866110       0.20470581971731211        3.8103550559140911     
  0.26000000000000001      	  0.66000000000000003      	  0.22115352916585690       0.21303716673255008        3.8098340105584585     
  0.26000000000000001      	  0.69999999999999996      	  0.22892842250791656       0.22052775337811817        3.8093478036728365     
  0.26000000000000001      	  0.73999999999999999      	  0.23579986789794394       0.22714801773064996        3.8089041030299713     
  0.26000000000000001      	  0.78000000000000003      	  0.24174077944542754       0.23287183263125699        3.8085099060538452     
  0.26000000000000001      	  0.81999999999999995      	  0.24672774150823851       0.23767660879748892        3.8081714294659754     
  0.26000000000000001      	  0.85999999999999988      	  0.25074110002577155       0.24154338397291100        3.8078940112439859     
  0.26000000000000001      	  0.90000000000000002      	  0.25376503912095871       0.24445689776246748        3.8076820264387514     
  0.26000000000000001      	  0.94000000000000006      	  0.25578764270297555       0.24640565185828872        3.8075388181771657     
  0.26000000000000001      	  0.97999999999999998      	  0.25680094085640737       0.24738195541825958        3.8074666449388732     
  0.30000000000000004      	   2.0000000000000000E-002 	   8.9598400692074455E-003   8.6279894897717639E-003   3.8462098247695016     
  0.29999999999999999      	   5.9999999999999998E-002 	   2.6844141150683478E-002   2.5849917736552618E-002   3.8461376328675758     
  0.30000000000000004      	  0.10000000000000001      	   4.4622445347412144E-002   4.2969828167731351E-002   3.8459943875731937     
  0.30000000000000004      	  0.14000000000000001      	   6.2224555112727981E-002   5.9920156318179214E-002   3.8457823479503062     
  0.30000000000000004      	  0.17999999999999999      	   7.9580971448095575E-002   7.6634006986554704E-002   3.8455048579906710     
  0.30000000000000004      	  0.21999999999999997      	   9.6623169300267056E-002   9.3045418240101749E-002   3.8451662938770350     
  0.30000000000000004      	  0.26000000000000001      	  0.11328386896219550       0.10908962173626328        3.8447719949678540     
  0.30000000000000004      	  0.30000000000000004      	  0.12949730237246493       0.12470329833373925        3.8443281795928508     
  0.30000000000000004      	  0.33999999999999997      	  0.14519947323474275       0.13982482798420973        3.8438418469858409     
  0.30000000000000004      	  0.37999999999999995      	  0.16032840991073949       0.15439453291851410        3.8433206669028586     
  0.30000000000000004      	  0.41999999999999993      	  0.17482441007697352       0.16835491316754164        3.8427728586653349     
  0.30000000000000004      	  0.45999999999999996      	  0.18863027617685243       0.18165087348834061        3.8422070615365382     
  0.30000000000000004      	  0.50000000000000000      	  0.20169154074471873       0.19422994079987116        3.8416321984754083     
  0.30000000000000004      	  0.54000000000000004      	  0.21395668072708307       0.20604247127028399        3.8410573354157225     
  0.30000000000000004      	  0.58000000000000007      	  0.22537731997778293       0.21704184623844416        3.8404915382913480     
  0.30000000000000004      	  0.62000000000000000      	  0.23590841915776620       0.22718465619648875        3.8399437300608827     
  0.30000000000000004      	  0.66000000000000003      	  0.24550845232614238       0.23643087210732253        3.8394225499871641     
  0.30000000000000004      	  0.69999999999999996      	  0.25413956956662320       0.24474400338093957        3.8389362173910353     
  0.30000000000000004      	  0.74000000000000010      	  0.26176774505208744       0.25209124188611143        3.8384924020278413     
  0.30000000000000004      	  0.77999999999999992      	  0.26836291000939488       0.25844359142909207        3.8380981031306911     
  0.30000000000000004      	  0.81999999999999984      	  0.27389907010644721       0.26377598218834791        3.8377595390284451     
  0.30000000000000004      	  0.85999999999999988      	  0.27835440684358836       0.26806736965368966        3.8374820490790444     
  0.30000000000000004      	  0.89999999999999991      	  0.28171136259158114       0.27130081767934011        3.8372700094644063     
  0.30000000000000004      	  0.93999999999999995      	  0.28395670897844860       0.27346356532316402        3.8371267641758324     
  0.30000000000000004      	  0.97999999999999998      	  0.28508159838734920       0.27454707720827648        3.8370545722768843     
  0.33999999999999997      	   2.0000000000000000E-002 	   9.7077763857029119E-003   9.3456192858800795E-003   3.8751535745737149     
  0.33999999999999997      	   5.9999999999999998E-002 	   2.9084996779953097E-002   2.7999974967926184E-002   3.8750813644290734     
  0.33999999999999997      	  0.10000000000000001      	   4.8347372039378556E-002   4.6543827540745659E-002   3.8749380829370490     
  0.33999999999999997      	  0.14000000000000001      	   6.7418844771001296E-002   6.4903992890113976E-002   3.8747259897324073     
  0.33999999999999997      	  0.17999999999999999      	   8.6224114442244190E-002   8.3008011831358822E-002   3.8744484296519279     
  0.33999999999999997      	  0.21999999999999997      	  0.10468893576725136       0.10078443607265862        3.8741097799841451     
  0.33999999999999997      	  0.26000000000000001      	  0.12274041276337683       0.11816311018880873        3.8737153814368797     
  0.33999999999999997      	  0.30000000000000004      	  0.14030728728034125       0.13507544849263367        3.8732714539111082     
  0.33999999999999997      	  0.33999999999999997      	  0.15732022083353525       0.15145470571136060        3.8727849984093794     
  0.33999999999999997      	  0.38000000000000000      	  0.17371206860759461       0.16723624039971810        3.8722636866258004     
  0.33999999999999997      	  0.42000000000000004      	  0.18941814453625966       0.18235777005018858        3.8717157399588302     
  0.33999999999999997      	  0.45999999999999996      	  0.20437647640918366       0.19675961689361141        3.8711497998548743     
  0.33999999999999997      	  0.50000000000000000      	  0.21852805000526060       0.21038494342007355        3.8705747915276372     
  0.33999999999999997      	  0.54000000000000004      	  0.23181704130467062       0.22317997669059467        3.8699997832018518     
  0.33999999999999997      	  0.58000000000000007      	  0.24419103588765831       0.23509422055435064        3.8694338431023256     
  0.33999999999999997      	  0.62000000000000000      	  0.25560123468652279       0.24608065493391146        3.8688858964424595     
  0.33999999999999997      	  0.66000000000000014      	  0.26600264531791351       0.25609592139200549        3.8683645846681882     
  0.33999999999999997      	  0.70000000000000018      	  0.27535425828480120       0.26510049424746268        3.8678781291772939     
  0.33999999999999997      	  0.73999999999999999      	  0.28361920740100011       0.27305883656502045        3.8674342016633609     
  0.33999999999999997      	  0.78000000000000003      	  0.29076491385546455       0.27993954040337227        3.8670398031281015     
  0.33999999999999997      	  0.82000000000000006      	  0.29676321339845452       0.28571545076796268        3.8667011534717566     
  0.33999999999999997      	  0.85999999999999999      	  0.30159046619677643       0.29036377277934511        3.8664235934015001     
  0.33999999999999997      	  0.90000000000000002      	  0.30522764897046822       0.29386616163415691        3.8662115002051793     
  0.33999999999999997      	  0.93999999999999995      	  0.30766042908836494       0.29620879500367747        3.8660682187189255     
  0.33999999999999997      	  0.97999999999999998      	  0.30887922036486193       0.29738242758424460        3.8659960085773508     
  0.38000000000000000      	   2.0000000000000000E-002 	   1.0302929978876489E-002   9.9158630830477098E-003   3.9035119039765083     
  0.38000000000000000      	   5.9999999999999998E-002 	   3.0868107521137569E-002   2.9708455867681272E-002   3.9034396759672694     
  0.38000000000000000      	   9.9999999999999992E-002 	   5.1311399131985090E-002   4.9383802949507546E-002   3.9032963590277032     
  0.38000000000000000      	  0.13999999999999999      	   7.1552084577118133E-002   6.8864254722405607E-002   3.9030842133517143     
  0.38000000000000000      	  0.17999999999999999      	   9.1510246883290805E-002   8.8072930742999711E-002   3.9028065846035238     
  0.38000000000000000      	  0.21999999999999997      	  0.11110708901773381       0.10693402314264584        3.9024678511545909     
  0.38000000000000000      	  0.26000000000000001      	  0.13026524597230113       0.12537309580645614        3.9020733550340112     
  0.38000000000000006      	  0.30000000000000004      	  0.14890909098142718       0.14331737813863751        3.9016293176815919     
  0.38000000000000000      	  0.33999999999999997      	  0.16696503463373555       0.16069605225478761        3.9011427418318321     
  0.38000000000000000      	  0.38000000000000000      	  0.18436181567391158       0.17744053246773098        3.9006213010769075     
  0.38000000000000000      	  0.42000000000000004      	  0.20103078233378124       0.19348473596389248        3.9000732188491494     
  0.38000000000000000      	  0.45999999999999996      	  0.21690616307893132       0.20876534360197213        3.8995071387329081     
  0.38000000000000000      	  0.50000000000000000      	  0.23192532570910612       0.22322204980466800        3.8989319881499069     
  0.38000000000000000      	  0.54000000000000004      	  0.24602902380647346       0.23679780055723892        3.8983568375683264     
  0.38000000000000000      	  0.58000000000000007      	  0.25916162958508832       0.24943901857363496        3.8977907574565052     
  0.38000000000000000      	  0.62000000000000000      	  0.27127135225693177       0.26109581474156857        3.8972426752358742     
  0.38000000000000000      	  0.66000000000000014      	  0.28231044109423387       0.27172218501204859        3.8967212344902116     
  0.38000000000000000      	  0.70000000000000018      	  0.29223537243388215       0.28127619195634423        3.8962346586513950     
  0.38000000000000000      	  0.73999999999999999      	  0.30100701993711498       0.28972013027385679        3.8957906213107476     
  0.38000000000000000      	  0.78000000000000003      	  0.30859080748599843       0.29702067559771567        3.8953961252021836     
  0.38000000000000000      	  0.82000000000000006      	  0.31495684416702135       0.30314901601082950        3.8950573917647295     
  0.38000000000000000      	  0.85999999999999988      	  0.32008004086125935       0.30808096575336003        3.8947797630267784     
  0.38000000000000000      	  0.89999999999999991      	  0.32394020802970991       0.31179706067286711        3.8945676173590393     
  0.38000000000000000      	  0.93999999999999995      	  0.32652213435145699       0.31428263504042570        3.8944243004253005     
  0.38000000000000000      	  0.97999999999999998      	  0.32781564594118290       0.31552787942955790        3.8943520724190908     
  0.41999999999999998      	   1.9999999999999997E-002 	   1.0735821715840664E-002   1.0329727795946195E-002   3.9313128856487110     
  0.41999999999999998      	   5.9999999999999991E-002 	   3.2165073405097083E-002   3.0948416671431708E-002   3.9312406401341469     
  0.41999999999999998      	  0.10000000000000001      	   5.3467317959992385E-002   5.1444966285301749E-002   3.9310972884599553     
  0.41999999999999998      	  0.14000000000000001      	   7.4558443575885591E-002   7.1738486120213163E-002   3.9308850913678146     
  0.42000000000000004      	  0.18000000000000002      	   9.5355175459198999E-002   9.1748886924604867E-002   3.9306073953328924     
  0.42000000000000004      	  0.22000000000000003      	  0.11577540581252263       0.11139719678838449        3.9302685797876959     
  0.42000000000000004      	  0.26000000000000001      	  0.13573851903137230       0.13060587280897856        3.9298739880561380     
  0.41999999999999998      	  0.30000000000000004      	  0.15516571078828834       0.14929910711774319        3.9294298430857388     
  0.41999999999999998      	  0.33999999999999997      	  0.17398029971201065       0.16740312605898802        3.9289431493083478     
  0.42000000000000004      	  0.38000000000000006      	  0.19210803040777968       0.18484648134089154        3.9284215821757966     
  0.42000000000000004      	  0.42000000000000004      	  0.20947736660892463       0.20156033200926701        3.9278733671135360     
  0.42000000000000004      	  0.45999999999999996      	  0.22601977329928016       0.21747871613135841        3.9273071498007659     
  0.41999999999999998      	  0.50000000000000000      	  0.24166998670005627       0.23253881111745381        3.9267318598229015     
  0.41999999999999998      	  0.54000000000000004      	  0.25636627107298815       0.24668118165294603        3.9261565698465004     
  0.42000000000000004      	  0.58000000000000007      	  0.27005066135331851       0.25985001426236598        3.9255903525381828     
  0.42000000000000004      	  0.61999999999999988      	  0.28266919069082008       0.27199333757967153        3.9250421374830209     
  0.41999999999999998      	  0.66000000000000003      	  0.29417210204410099       0.28306322745548623        3.9245205703597481     
  0.41999999999999998      	  0.69999999999999996      	  0.30451404304230184       0.29301599609182155        3.9240338765932701     
  0.42000000000000004      	  0.73999999999999999      	  0.31365424339852999       0.30181236445785758        3.9235897316347015     
  0.42000000000000004      	  0.78000000000000014      	  0.32155667423053524       0.30941761730633199        3.9231951399151423     
  0.41999999999999998      	  0.82000000000000006      	  0.32819018871587047       0.31580174017876123        3.9228563243814603     
  0.41999999999999998      	  0.85999999999999988      	  0.33352864358079221       0.32093953785879625        3.9225786283567157     
  0.41999999999999998      	  0.89999999999999991      	  0.33755100099421720       0.32481073380623043        3.9223664312729016     
  0.41999999999999998      	  0.93999999999999995      	  0.34024141051000745       0.32740005017924045        3.9222230796045334     
  0.41999999999999998      	  0.97999999999999998      	  0.34158927077261242       0.32869726812904820        3.9221508340929532     
  0.45999999999999996      	   1.9999999999999997E-002 	   1.0999529156376945E-002   1.0580686530822326E-002   3.9585581175143947     
  0.45999999999999996      	   5.9999999999999998E-002 	   3.2955154445274915E-002   3.1700302456585699E-002   3.9584858548519026     
  0.45999999999999996      	   9.9999999999999992E-002 	   5.4780652884416615E-002   5.2694811771043522E-002   3.9583424691523241     
  0.45999999999999996      	  0.13999999999999999      	   7.6389846604907372E-002   7.3481358737410574E-002   3.9581302216939527     
  0.46000000000000002      	  0.17999999999999999      	   9.7697415308579810E-002   9.3977908351280628E-002   3.9578524597461913     
  0.46000000000000002      	  0.22000000000000003      	  0.11861923435859092       0.11410357009531051        3.9575135637811223     
  0.46000000000000002      	  0.26000000000000001      	  0.13907270796406013       0.13377891717713677        3.9571188783908600     
  0.45999999999999996      	  0.29999999999999999      	  0.15897709610190733       0.15292629999063850        3.9566746280000422     
  0.45999999999999996      	  0.33999999999999997      	  0.17825383385188484       0.17147015256345802        3.9561878187029111     
  0.46000000000000002      	  0.38000000000000000      	  0.19682684186005298       0.18933729078137063        3.9556661277733172     
  0.46000000000000002      	  0.42000000000000010      	  0.21462282669114224       0.20645720121254943        3.9551177825888639     
  0.46000000000000002      	  0.46000000000000002      	  0.23157156988084024       0.22276231939186544        3.9545514308810348     
  0.45999999999999996      	  0.50000000000000000      	  0.24760620455444987       0.23818829646696496        3.9539760043546508     
  0.45999999999999996      	  0.54000000000000004      	  0.26266347853800015       0.25267425315379116        3.9534005778297514     
  0.46000000000000002      	  0.57999999999999996      	  0.27668400295112922       0.26616301999930508        3.9528342261263796     
  0.46000000000000002      	  0.62000000000000000      	  0.28961248533730621       0.27860136300319910        3.9522858809490740     
  0.45999999999999996      	  0.66000000000000003      	  0.30139794645563456       0.28994019370817498        3.9517641900287268     
  0.45999999999999996      	  0.69999999999999996      	  0.31199391992904424       0.30013476292965935        3.9512773807425448     
  0.46000000000000002      	  0.73999999999999999      	  0.32135863401563342       0.30914483736039067        3.9508331303635242     
  0.46000000000000002      	  0.78000000000000003      	  0.32945517484283493       0.31693485835290219        3.9504384449852950     
  0.45999999999999996      	  0.82000000000000006      	  0.33625163051757900       0.32347408225325858        3.9500995490317088     
  0.45999999999999996      	  0.85999999999999999      	  0.34172121559940605       0.32873670173221237        3.9498217870941636     
  0.45999999999999996      	  0.90000000000000002      	  0.34584237549731367       0.33270194763494237        3.9496095396440678     
  0.45999999999999996      	  0.93999999999999995      	  0.34859887042484783       0.33535417094741882        3.9494661539503224     
  0.45999999999999996      	  0.97999999999999998      	  0.34997983862146481       0.33668290455591310        3.9493938912908138     
  0.50000000000000000      	   2.0000000000000000E-002 	   1.1089796830135234E-002   1.0664781518511628E-002   3.9852228654274500     
  0.50000000000000000      	   5.9999999999999998E-002 	   3.3225601033852692E-002   3.1952255535156536E-002   3.9851505859895089     
  0.50000000000000000      	  0.10000000000000001      	   5.5230210503039397E-002   5.3113628596801188E-002   3.9850071670036149     
  0.50000000000000000      	  0.14000000000000001      	   7.7016740150860560E-002   7.4065386431683033E-002   3.9847948702729283     
  0.50000000000000000      	  0.17999999999999999      	   9.8499169498759087E-002   9.4724842023575437E-002   3.9845170438439825     
  0.50000000000000000      	  0.22000000000000000      	  0.11959268354155698       0.11501046193966462        3.9841780692057700     
  0.50000000000000000      	  0.26000000000000001      	  0.14021400866634218       0.13484218810576007        3.9837832921910583     
  0.50000000000000000      	  0.30000000000000004      	  0.16028174225716588       0.15414175375893796        3.9833389386695539     
  0.50000000000000000      	  0.33999999999999997      	  0.17971667465067986       0.17283299233069813        3.9828520163618535     
  0.50000000000000000      	  0.38000000000000000      	  0.19844210214742136       0.19084213804161243        3.9823302043240512     
  0.50000000000000000      	  0.42000000000000004      	  0.21638412982901528       0.20809811702115596        3.9817817318437974     
  0.50000000000000000      	  0.46000000000000002      	  0.23347196298257583       0.22453282780380335        3.9812152486599843     
  0.50000000000000000      	  0.50000000000000000      	  0.24963818598945101       0.24008141009440068        3.9806396885508870     
  0.50000000000000000      	  0.54000000000000004      	  0.26481902759557802       0.25468250074211851        3.9800641284433409     
  0.50000000000000000      	  0.58000000000000007      	  0.27895461154447299       0.26827847591277409        3.9794976452639621     
  0.50000000000000000      	  0.62000000000000000      	  0.29198919162067200       0.28081567850377898        3.9789491727908120     
  0.50000000000000000      	  0.66000000000000003      	  0.30387137022067717       0.29224462990420963        3.9784273607622809     
  0.50000000000000000      	  0.69999999999999996      	  0.31455429963960446       0.30252022526427969        3.9779404384655237     
  0.50000000000000000      	  0.73999999999999999      	  0.32399586533427815       0.31160191150357597        3.9774960849558050     
  0.50000000000000000      	  0.78000000000000003      	  0.33215885049702359       0.31945384735553983        3.9771013079531272     
  0.50000000000000000      	  0.82000000000000006      	  0.33901108134851426       0.32604504481657171        3.9767623333263864     
  0.50000000000000000      	  0.85999999999999999      	  0.34452555263241441       0.33134949144152470        3.9764845069077075     
  0.50000000000000000      	  0.90000000000000013      	  0.34868053286899486       0.33534625300294119        3.9762722101853121     
  0.50000000000000000      	  0.94000000000000006      	  0.35145964899923438       0.33801955610888501        3.9761287912051917     
  0.50000000000000000      	  0.97999999999999998      	  0.35285195012503057       0.33935885045331293        3.9760565117702562     
  0.54000000000000004      	   2.0000000000000000E-002 	   1.1005104437314985E-002   1.0580686530822326E-002   4.0112511154762753     
  0.54000000000000004      	   5.9999999999999998E-002 	   3.2971858274495704E-002   3.1700302456585699E-002   4.0111788196703468     
  0.54000000000000004      	  0.10000000000000001      	   5.4808419308389984E-002   5.2694811771043522E-002   4.0110353682066231     
  0.54000000000000004      	  0.14000000000000001      	   7.6428565991558173E-002   7.3481358737410588E-002   4.0108230234005084     
  0.54000000000000004      	  0.17999999999999999      	   9.7746934781751088E-002   9.3977908351280628E-002   4.0105451340566036     
  0.54000000000000004      	  0.22000000000000000      	  0.11867935840380053       0.11410357009531048        4.0102060826562251     
  0.54000000000000004      	  0.26000000000000001      	  0.13914319920307358       0.13377891717713677        4.0098112162426585     
  0.54000000000000004      	  0.30000000000000004      	  0.15905767623296563       0.15292629999063853        4.0093667620954880     
  0.54000000000000004      	  0.33999999999999997      	  0.17834418475175540       0.17147015256345802        4.0088797295222705     
  0.54000000000000004      	  0.38000000000000000      	  0.19692660684342317       0.18933729078137063        4.0083577993180386     
  0.54000000000000004      	  0.42000000000000004      	  0.21473161192224649       0.20645720121254937        4.0078092026339851     
  0.54000000000000004      	  0.45999999999999996      	  0.23168894593160932       0.22276231939186544        4.0072425911677110     
  0.54000000000000004      	  0.50000000000000000      	  0.24773170810289732       0.23818829646696496        4.0066669007206945     
  0.54000000000000004      	  0.54000000000000004      	  0.26279661420001366       0.25267425315379116        4.0060912102751836     
  0.54000000000000004      	  0.58000000000000007      	  0.27682424523832189       0.26616301999930514        4.0055245988133814     
  0.54000000000000004      	  0.62000000000000000      	  0.28975928073310220       0.27860136300319910        4.0049760021364200     
  0.54000000000000004      	  0.66000000000000014      	  0.30155071560131685       0.28994019370817498        4.0044540719414288     
  0.54000000000000004      	  0.70000000000000018      	  0.31215205991108164       0.30013476292965946        4.0039670393791029     
  0.54000000000000004      	  0.73999999999999999      	  0.32152152074522888       0.30914483736039067        4.0035225852437231     
  0.54000000000000004      	  0.78000000000000003      	  0.32962216551830043       0.31693485835290219        4.0031277188421814     
  0.54000000000000004      	  0.82000000000000017      	  0.33642206615984038       0.32347408225325863        4.0027886674532223     
  0.54000000000000004      	  0.85999999999999999      	  0.34189442365067912       0.32873670173221237        4.0025107781196230     
  0.54000000000000004      	  0.90000000000000002      	  0.34601767247276666       0.33270194763494237        4.0022984333217604     
  0.54000000000000004      	  0.94000000000000006      	  0.34877556460687908       0.33535417094741882        4.0021549818638302     
  0.54000000000000004      	  0.97999999999999998      	  0.35015723278607230       0.33668290455591310        4.0020826860609180     
  0.58000000000000007      	   2.0000000000000000E-002 	   1.0746691898338337E-002   1.0329727795946195E-002   4.0365449180159025     
  0.58000000000000007      	   5.9999999999999998E-002 	   3.2197641032461158E-002   3.0948416671431712E-002   4.0364726063113823     
  0.58000000000000007      	  0.10000000000000001      	   5.3521454441947822E-002   5.1444966285301749E-002   4.0363291233011118     
  0.58000000000000007      	  0.14000000000000001      	   7.4633935161649706E-002   7.1738486120213163E-002   4.0361167317980469     
  0.58000000000000007      	  0.17999999999999999      	   9.5451724084558848E-002   9.1748886924604867E-002   4.0358387813432630     
  0.58000000000000007      	  0.22000000000000000      	  0.11589263028088467       0.11139719678838446        4.0354996553817761     
  0.58000000000000007      	  0.26000000000000001      	  0.13587595652395523       0.13060587280897856        4.0351047021327942     
  0.58000000000000007      	  0.30000000000000004      	  0.15532281869729475       0.14929910711774319        4.0346601502452542     
  0.58000000000000007      	  0.33999999999999997      	  0.17415645778930736       0.16740312605898802        4.0341730105683062     
  0.58000000000000007      	  0.38000000000000000      	  0.19230254322035001       0.18484648134089154        4.0336509655859176     
  0.58000000000000007      	  0.42000000000000004      	  0.20968946629113203       0.20156033200926701        4.0331022482594765     
  0.58000000000000007      	  0.45999999999999996      	  0.22624862259080852       0.21747871613135841        4.0325355121891731     
  0.58000000000000007      	  0.50000000000000000      	  0.24191468225727084       0.23253881111745381        4.0319596951415289     
  0.58000000000000007      	  0.54000000000000004      	  0.25662584704039815       0.24668118165294603        4.0313838780954097     
  0.58000000000000007      	  0.58000000000000007      	  0.27032409318081968       0.25985001426236598        4.0308171420295578     
  0.58000000000000007      	  0.62000000000000000      	  0.28295539918146051       0.27199333757967159        4.0302684247101972     
  0.58000000000000007      	  0.66000000000000003      	  0.29446995761624051       0.28306322745548623        4.0297463797370385     
  0.58000000000000007      	  0.69999999999999996      	  0.30482237018923730       0.29301599609182155        4.0292592400709832     
  0.58000000000000007      	  0.73999999999999999      	  0.31397182532792522       0.30181236445785758        4.0288146881952809     
  0.58000000000000007      	  0.78000000000000003      	  0.32188225766533801       0.30941761730633194        4.0284197349583160     
  0.58000000000000007      	  0.82000000000000006      	  0.32852248883781254       0.31580174017876123        4.0280806090082564     
  0.58000000000000007      	  0.85999999999999999      	  0.33386634909705482       0.32093953785879625        4.0278026585636733     
  0.58000000000000007      	  0.89999999999999991      	  0.33789277930740536       0.32481073380623043        4.0275902670689341     
  0.58000000000000007      	  0.93999999999999995      	  0.34058591297120983       0.32740005017924045        4.0274467840644981     
  0.58000000000000007      	  0.97999999999999998      	  0.34193513799703185       0.32869726812904820        4.0273744723629363     
  0.61999999999999988      	   2.0000000000000000E-002 	   1.0318540865858476E-002   9.9158630830477115E-003   4.0609453704457446     
  0.62000000000000000      	   5.9999999999999998E-002 	   3.0914878543626151E-002   2.9708455867681272E-002   4.0608730434128724     
  0.62000000000000011      	  0.10000000000000001      	   5.1389145618909053E-002   4.9383802949507546E-002   4.0607295299875314     
  0.62000000000000000      	  0.14000000000000001      	   7.1660499556694346E-002   6.8864254722405621E-002   4.0605170934623365     
  0.62000000000000000      	  0.17999999999999999      	   9.1648902299529114E-002   8.8072930742999711E-002   4.0602390840884235     
  0.62000000000000000      	  0.22000000000000000      	  0.11127543742656598       0.10693402314264587        4.0598998862399780     
  0.62000000000000000      	  0.26000000000000001      	  0.13046262271039916       0.12537309580645614        4.0595048492700032     
  0.62000000000000000      	  0.30000000000000004      	  0.14913471679885765       0.14331737813863751        4.0590602031476974     
  0.62000000000000000      	  0.33999999999999997      	  0.16721801877972253       0.16069605225478761        4.0585729602082434     
  0.62000000000000000      	  0.38000000000000000      	  0.18464115942316092       0.17744053246773098        4.0580508045643056     
  0.62000000000000011      	  0.42000000000000004      	  0.20133538293906131       0.19348473596389248        4.0575019709223401     
  0.62000000000000011      	  0.46000000000000002      	  0.21723481813392018       0.20876534360197213        4.0569351147170183     
  0.62000000000000000      	  0.50000000000000000      	  0.23227673790390302       0.22322204980466800        4.0563591756093906     
  0.62000000000000000      	  0.54000000000000004      	  0.24640180605664774       0.23679780055723892        4.0557832365032178     
  0.62000000000000000      	  0.58000000000000007      	  0.25955431051369837       0.24943901857363496        4.0552163803023298     
  0.62000000000000000      	  0.62000000000000000      	  0.27168238200760197       0.26109581474156857        4.0546675466674733     
  0.62000000000000000      	  0.66000000000000003      	  0.28273819745212797       0.27172218501204859        4.0541453910327245     
  0.62000000000000000      	  0.69999999999999996      	  0.29267816723025974       0.28127619195634418        4.0536581481042031     
  0.62000000000000000      	  0.73999999999999999      	  0.30146310571211044       0.28972013027385679        4.0532135019936808     
  0.62000000000000000      	  0.78000000000000003      	  0.30905838438331362       0.29702067559771567        4.0528184650356831     
  0.62000000000000000      	  0.81999999999999995      	  0.31543406703338506       0.30314901601082950        4.0524792671986427     
  0.62000000000000000      	  0.85999999999999999      	  0.32056502652276780       0.30808096575336003        4.0522012578349704     
  0.62000000000000000      	  0.90000000000000013      	  0.32443104271653006       0.31179706067286717        4.0519888213180693     
  0.62000000000000000      	  0.93999999999999995      	  0.32701688124185113       0.31428263504042570        4.0518453078985575     
  0.62000000000000000      	  0.97999999999999998      	  0.32831235279539223       0.31552787942955790        4.0517729808685514     
  0.66000000000000003      	   2.0000000000000000E-002 	   9.7273098033265996E-003   9.3456192858800795E-003   4.0841650592722196     
  0.66000000000000003      	   5.9999999999999998E-002 	   2.9143519906539010E-002   2.7999974967926184E-002   4.0840927176640358     
  0.66000000000000003      	  0.10000000000000001      	   4.8444653801757553E-002   4.6543827540745659E-002   4.0839491753183852     
  0.66000000000000003      	  0.14000000000000001      	   6.7554501064926248E-002   6.4903992890113976E-002   4.0837366959837551     
  0.66000000000000003      	  0.17999999999999999      	   8.6397609654564611E-002   8.3008011831358822E-002   4.0834586305863851     
  0.66000000000000003      	  0.22000000000000000      	  0.10489958489822655       0.10078443607265863        4.0831193643839807     
  0.66000000000000003      	  0.26000000000000001      	  0.12298738414045077       0.11816311018880873        4.0827242478075378     
  0.65999999999999992      	  0.30000000000000004      	  0.14058960585230090       0.13507544849263367        4.0822795120816844     
  0.66000000000000003      	  0.33999999999999997      	  0.15763677203162954       0.15145470571136060        4.0817921709547917     
  0.66000000000000003      	  0.38000000000000000      	  0.17406160275791396       0.16723624039971810        4.0812699100878431     
  0.66000000000000014      	  0.42000000000000004      	  0.18979928180547742       0.18235777005018858        4.0807209658468553     
  0.66000000000000014      	  0.46000000000000002      	  0.20478771226365072       0.19675961689361141        4.0801539954106216     
  0.66000000000000003      	  0.50000000000000000      	  0.21896776116142902       0.21038494342007355        4.0795779402417791     
  0.66000000000000003      	  0.54000000000000004      	  0.23228349214691263       0.22317997669059467        4.0790018850743994     
  0.66000000000000003      	  0.58000000000000007      	  0.24468238532774622       0.23509422055435064        4.0784349146426271     
  0.66000000000000003      	  0.62000000000000000      	  0.25611554343735143       0.24608065493391146        4.0778859704087633     
  0.66000000000000003      	  0.66000000000000003      	  0.26653788355248348       0.25609592139200549        4.0773637095510402     
  0.66000000000000003      	  0.69999999999999996      	  0.27590831365004187       0.26510049424746263        4.0768763684350207     
  0.66000000000000003      	  0.73999999999999999      	  0.28418989335469680       0.27305883656502045        4.0764316327209720     
  0.66000000000000003      	  0.78000000000000003      	  0.29134997829337433       0.27993954040337227        4.0760365161564769     
  0.66000000000000003      	  0.81999999999999995      	  0.29736034753763907       0.28571545076796268        4.0756972499655024     
  0.66000000000000003      	  0.85999999999999999      	  0.30219731368026004       0.29036377277934511        4.0754191845783536     
  0.66000000000000003      	  0.90000000000000002      	  0.30584181515753861       0.29386616163415691        4.0752067052519525     
  0.66000000000000003      	  0.93999999999999995      	  0.30827949049417808       0.29620879500367747        4.0750631629120750     
  0.66000000000000003      	  0.97999999999999998      	  0.30950073421248264       0.29738242758424460        4.0749908213070460     
  0.69999999999999996      	   2.0000000000000000E-002 	   8.9822337016652234E-003   8.6279894897717639E-003   4.1057561824038604     
  0.69999999999999996      	   5.9999999999999998E-002 	   2.6911233628421845E-002   2.5849917736552618E-002   4.1056838272583480     
  0.69999999999999996      	  0.10000000000000001      	   4.4733971761973065E-002   4.2969828167731351E-002   4.1055402580513842     
  0.69999999999999996      	  0.14000000000000001      	   6.2380075116734712E-002   5.9920156318179214E-002   4.1053277389551495     
  0.69999999999999996      	  0.17999999999999999      	   7.9779871000314140E-002   7.6634006986554704E-002   4.1050496215229515     
  0.69999999999999996      	  0.22000000000000000      	   9.6864663098682455E-002   9.3045418240101763E-002   4.1047102918331886     
  0.69999999999999996      	  0.26000000000000001      	  0.11356700355515538       0.10908962173626328        4.1043151013179617     
  0.69999999999999996      	  0.30000000000000004      	  0.12982095993519036       0.12470329833373925        4.1038702823680584     
  0.69999999999999996      	  0.33999999999999997      	  0.14556237599581764       0.13982482798420973        4.1033828500442375     
  0.69999999999999996      	  0.38000000000000000      	  0.16072912521058014       0.15439453291851410        4.1028604914458278     
  0.69999999999999996      	  0.42000000000000004      	  0.17526135603775819       0.16835491316754167        4.1023114444800557     
  0.69999999999999996      	  0.45999999999999996      	  0.18910172796097294       0.18165087348834061        4.1017443679457823     
  0.69999999999999996      	  0.50000000000000000      	  0.20219563737650481       0.19422994079987116        4.1011682049788973     
  0.69999999999999996      	  0.54000000000000004      	  0.21449143245036112       0.20604247127028399        4.1005920420134547     
  0.69999999999999996      	  0.58000000000000007      	  0.22594061611976701       0.21704184623844416        4.1000249654836507     
  0.69999999999999996      	  0.62000000000000000      	  0.23649803646784753       0.22718465619648875        4.0994759185249592     
  0.69999999999999996      	  0.66000000000000003      	  0.24612206375635284       0.23643087210732253        4.0989535599357838     
  0.69999999999999996      	  0.69999999999999996      	  0.25477475345889561       0.24474400338093957        4.0984661276228929     
  0.69999999999999996      	  0.73999999999999999      	  0.26242199469593236       0.25209124188611143        4.0980213086847774     
  0.69999999999999996      	  0.78000000000000003      	  0.26903364353225695       0.25844359142909207        4.0976261181815472     
  0.69999999999999996      	  0.82000000000000006      	  0.27458364065779561       0.26377598218834791        4.0972867885031876     
  0.69999999999999996      	  0.85999999999999999      	  0.27905011303274058       0.26806736965368966        4.0970086710811850     
  0.69999999999999996      	  0.89999999999999991      	  0.28241545913835353       0.27130081767934011        4.0967961519932468     
  0.69999999999999996      	  0.93999999999999995      	  0.28466641753497068       0.27346356532316402        4.0966525827920668     
  0.69999999999999996      	  0.97999999999999998      	  0.28579411848878061       0.27454707720827648        4.0965802276495991     
  0.73999999999999999      	   2.0000000000000000E-002 	   8.0949975213721742E-003   7.7742911452986585E-003   4.1252169500682543     
  0.73999999999999999      	   5.9999999999999998E-002 	   2.4253028451214971E-002   2.3292191860481256E-002   4.1251445827385629     
  0.73999999999999999      	  0.10000000000000001      	   4.0315293787233746E-002   3.8718168935580805E-002   4.1250009893552386     
  0.73999999999999999      	  0.14000000000000001      	   5.6218371761790079E-002   5.3991343086540418E-002   4.1247884344718955     
  0.73999999999999999      	  0.17999999999999999      	   7.1899471727666725E-002   6.9051438072635821E-002   4.1245102702061507     
  0.73999999999999999      	  0.22000000000000000      	   8.7296682972413012E-002   8.3839018579259808E-002   4.1241708833750170     
  0.73999999999999999      	  0.26000000000000001      	  0.10234921992222042        9.8295724781955696E-002   4.1237756263117022     
  0.74000000000000010      	  0.30000000000000004      	  0.11699766273678064       0.11236450266598222        4.1233307324565640     
  0.73999999999999999      	  0.33999999999999997      	  0.13118419232073991       0.12598982919244436        4.1228432180516483     
  0.73999999999999999      	  0.38000000000000000      	  0.14485281880625397       0.13911793142236176        4.1223207714907080     
  0.73999999999999999      	  0.42000000000000004      	  0.15794960259440488       0.15169699873389236        4.1217716320682563     
  0.73999999999999999      	  0.45999999999999996      	  0.17042286708047485       0.16367738729518669        4.1212044600412145     
  0.73999999999999999      	  0.50000000000000000      	  0.18222340222884983       0.17501181598591226        4.1206282000514083     
  0.73999999999999999      	  0.54000000000000004      	  0.19330465820720855       0.18565555299423475        4.1200519400630728     
  0.73999999999999999      	  0.58000000000000007      	  0.20362292833619433       0.19556659235284313        4.1194847680404862     
  0.73999999999999999      	  0.62000000000000000      	  0.21313752065951769       0.20470581971731211        4.1189356286251702     
  0.73999999999999999      	  0.66000000000000003      	  0.22181091748997925       0.21303716673255008        4.1184131820734660     
  0.73999999999999999      	  0.69999999999999996      	  0.22960892233883254       0.22052775337811817        4.1179256676794527     
  0.73999999999999999      	  0.73999999999999999      	  0.23650079368885929       0.22714801773064996        4.1174807738360988     
  0.73999999999999999      	  0.78000000000000003      	  0.24245936512518979       0.23287183263125699        4.1170855167847877     
  0.73999999999999999      	  0.81999999999999995      	  0.24746115139199176       0.23767660879748892        4.1167461299650698     
  0.73999999999999999      	  0.85999999999999988      	  0.25148643999744669       0.24154338397291100        4.1164679657095453     
  0.73999999999999999      	  0.89999999999999991      	  0.25451936804377301       0.24445689776246746        4.1162554108344285     
  0.73999999999999999      	  0.93999999999999995      	  0.25654798401330964       0.24640565185828872        4.1161118174569760     
  0.73999999999999999      	  0.97999999999999998      	  0.25756429429577887       0.24738195541825958        4.1160394501302910     
  0.78000000000000003      	   2.0000000000000000E-002 	   7.0795694216736760E-003   6.7979875853277725E-003   4.1421351953282022     
  0.78000000000000003      	   5.9999999999999998E-002 	   2.1210753697556085E-002   2.0367134204689139E-002   4.1420628174223859     
  0.78000000000000003      	  0.10000000000000001      	   3.5258185117168328E-002   3.3855901050203120E-002   4.1419192030536571     
  0.78000000000000003      	  0.14000000000000001      	   4.9166397474120348E-002   4.7211054121561881E-002   4.1417066171065153     
  0.78000000000000003      	  0.17999999999999999      	   6.2880476515305941E-002   6.0379886730981810E-002   4.1414284121885263     
  0.78000000000000003      	  0.22000000000000000      	   7.6346277544218605E-002   7.3310427512420867E-002   4.1410889757577509     
  0.78000000000000003      	  0.26000000000000001      	   8.9510639866693387E-002   8.5951645528816900E-002   4.1406936609296991     
  0.78000000000000014      	  0.30000000000000004      	  0.10232159720578410        9.8253651667882302E-002   4.1402487020556693     
  0.78000000000000003      	  0.33999999999999997      	  0.11472858323361662       0.11016789553163832        4.1397611164030561     
  0.78000000000000003      	  0.38000000000000000      	  0.12668263139332411       0.12164735704265481        4.1392385934893108     
  0.78000000000000003      	  0.42000000000000004      	  0.13813656821325676       0.13264673201081498        4.1386893738129826     
  0.78000000000000003      	  0.46000000000000002      	  0.14904519934822055       0.14312261092825590        4.1381221188967210     
  0.78000000000000003      	  0.50000000000000000      	  0.15936548761816149       0.15303365028686425        4.1375457746894924     
  0.78000000000000003      	  0.54000000000000004      	  0.16905672235309271       0.16234073574221483        4.1369694304837799     
  0.78000000000000003      	  0.58000000000000007      	  0.17808067939376099       0.17100713648001822        4.1364021755719476     
  0.78000000000000003      	  0.62000000000000000      	  0.18640177114018872       0.17899865017586417        4.1358529559027772     
  0.78000000000000003      	  0.66000000000000003      	  0.19398718608442586       0.18628373797617057        4.1353304329982477     
  0.78000000000000003      	  0.69999999999999996      	  0.20080701730926423       0.19283364896762956        4.1348428473565528     
  0.78000000000000003      	  0.73999999999999999      	  0.20683437948097602       0.19862253364392760        4.1343978884943011     
  0.78000000000000003      	  0.78000000000000003      	  0.21204551391106782       0.20362754592193716        4.1340025736782113     
  0.78000000000000003      	  0.81999999999999995      	  0.21641988130934703       0.20782893330476956        4.1336631372588135     
  0.78000000000000003      	  0.86000000000000010      	  0.21994024189808278       0.21121011483585606        4.1333849323510989     
  0.78000000000000003      	  0.90000000000000013      	  0.22259272260456514       0.21375774653640836        4.1331723464122314     
  0.78000000000000003      	  0.94000000000000006      	  0.22436687109682055       0.21546177406800660        4.1330287320493424     
  0.78000000000000003      	  0.97999999999999998      	  0.22525569647455343       0.21631547241247973        4.1329563541465477     
  0.81999999999999995      	   2.0000000000000000E-002 	   5.9519843104936998E-003   5.7144757002153259E-003   4.1562624943776436     
  0.82000000000000006      	   5.9999999999999998E-002 	   1.7832450775370205E-002   1.7120874675752833E-002   4.1561901076533792     
  0.82000000000000006      	  0.10000000000000001      	   2.9642503963223762E-002   2.8459705380728763E-002   4.1560464757865008     
  0.81999999999999995      	  0.14000000000000001      	   4.1335511943735158E-002   3.9686218630569613E-002   4.1558338639376515     
  0.82000000000000006      	  0.17999999999999999      	   5.2865306828514813E-002   5.0756108506384200E-002   4.1555556251230614     
  0.82000000000000006      	  0.22000000000000000      	   6.4186367716048132E-002   6.1625687210184375E-002   4.1552161473350244     
  0.82000000000000006      	  0.26000000000000001      	   7.5254000981985369E-002   7.2252057480664392E-002   4.1548207843414531     
  0.82000000000000006      	  0.30000000000000004      	   8.6024517180576771E-002   8.2593281889093442E-002   4.1543757712531670     
  0.81999999999999995      	  0.33999999999999997      	   9.6455403840820769E-002   9.2608548347187541E-002   4.1538881261926770     
  0.82000000000000006      	  0.38000000000000000      	  0.10650549346213273       0.10225833117377643        4.1533655396142981     
  0.82000000000000006      	  0.42000000000000004      	  0.11613512603879682       0.11150454708461018        4.1528162530205499     
  0.82000000000000006      	  0.46000000000000002      	  0.12530630546983779       0.12031070548968290        4.1522489289893514     
  0.81999999999999995      	  0.50000000000000000      	  0.13398284924093329       0.12864205250492092        4.1516725145597864     
  0.81999999999999995      	  0.54000000000000004      	  0.14213053079725205       0.13646570810988540        4.1510961001317641     
  0.82000000000000006      	  0.58000000000000007      	  0.14971721406032437       0.14375079591019166        4.1505287761051664     
  0.82000000000000006      	  0.62000000000000000      	  0.15671297957789515       0.15046856499253219        4.1499794895185378     
  0.81999999999999995      	  0.66000000000000003      	  0.16309024183287119       0.15659250339139577        4.1494569029493169     
  0.82000000000000006      	  0.69999999999999996      	  0.16882385727565707       0.16209844271968307        4.1489692578998216     
  0.82000000000000006      	  0.73999999999999999      	  0.17389122268310919       0.16696465355029008        4.1485242448233599     
  0.81999999999999995      	  0.78000000000000003      	  0.17827236348679007       0.17117193117222862        4.1481288818417230     
  0.81999999999999995      	  0.82000000000000006      	  0.18195001175297759       0.17470367138284706        4.1477894040651480     
  0.81999999999999995      	  0.86000000000000010      	  0.18490967353680571       0.17754593601703278        4.1475111652606298     
  0.81999999999999995      	  0.90000000000000013      	  0.18713968537286699       0.17968750795478183        4.1472985534200220     
  0.81999999999999995      	  0.94000000000000017      	  0.18863125970449995       0.18111993539004709        4.1471549215590260     
  0.81999999999999995      	  0.97999999999999998      	  0.18937851909376452       0.18183756518615540        4.1470825348376712     
  0.85999999999999988      	   2.0000000000000000E-002 	   4.7300830107290248E-003   4.5408431196481630E-003   4.1675055952059541     
  0.85999999999999999      	   5.9999999999999998E-002 	   1.4171571706628843E-002   1.3604608725665128E-002   4.1674332014719280     
  0.85999999999999999      	  0.10000000000000001      	   2.3557102485626837E-002   2.2614683156396403E-002   4.1672895556968168     
  0.85999999999999988      	  0.14000000000000001      	   3.2849616631057517E-002   3.1535507764375359E-002   4.1670769232600220     
  0.86000000000000010      	  0.17999999999999999      	   4.2012424203558878E-002   4.0331876130411358E-002   4.1667986575024205     
  0.86000000000000010      	  0.22000000000000000      	   5.1009349428675889E-002   4.8969073007242132E-002   4.1664591468415502     
  0.86000000000000010      	  0.26000000000000001      	   5.9804873974791617E-002   5.7413011324754758E-002   4.1660637455634735     
  0.85999999999999999      	  0.30000000000000004      	   6.8364277537914006E-002   6.5630366716078511E-002   4.1656186893828906     
  0.85999999999999988      	  0.33999999999999997      	   7.6653775163963489E-002   7.3588709033636318E-002   4.1651309971019792     
  0.86000000000000010      	  0.38000000000000000      	   8.4640650756088592E-002   8.1256630336121516E-002   4.1646083599195931     
  0.86000000000000010      	  0.41999999999999993      	   9.2293386233968988E-002   8.8603868841293329E-002   4.1640590201363539     
  0.86000000000000010      	  0.45999999999999996      	   9.9581785833821448E-002   9.5601428355405790E-002   4.1634916411691751     
  0.85999999999999999      	  0.50000000000000000      	  0.10647709506165086       0.10222169270793764        4.1629151709231866     
  0.85999999999999999      	  0.54000000000000004      	  0.11295211383793244       0.10843853474000036        4.1623387006788208     
  0.86000000000000010      	  0.58000000000000007      	  0.11898130339910221       0.11422741941629828        4.1617713217161452     
  0.86000000000000010      	  0.62000000000000000      	  0.12454088654972278       0.11956550065370417        4.1612219819400558     
  0.85999999999999999      	  0.66000000000000003      	  0.12960894088872116       0.12443171148431126        4.1606993447668374     
  0.85999999999999999      	  0.69999999999999996      	  0.13416548466344011       0.12880684719713123        4.1602116524968613     
  0.86000000000000010      	  0.73999999999999999      	  0.13819255493618618       0.13267364113031499        4.1597665963281960     
  0.85999999999999999      	  0.78000000000000003      	  0.14167427777931232       0.13601683281477867        4.1593711950620857     
  0.85999999999999988      	  0.81999999999999995      	  0.14459693024647732       0.13882322820030232        4.1590316844126134     
  0.85999999999999988      	  0.85999999999999988      	  0.14694899389945476       0.14108175172641954        4.1587534186651984     
  0.85999999999999999      	  0.90000000000000002      	  0.14872119970161160       0.14278349003259400        4.1585407862366788     
  0.85999999999999988      	  0.94000000000000006      	  0.14990656412088177       0.14392172713518145        4.1583971404671507     
  0.85999999999999999      	  0.97999999999999998      	  0.15050041631667593       0.14449197093234908        4.1583247467362696     
  0.90000000000000002      	   2.0000000000000000E-002 	   3.4332187972864765E-003   3.2955987305159523E-003   4.1758744927353053     
  0.89999999999999991      	   5.9999999999999998E-002 	   1.0286099897235139E-002   9.8737899689743669E-003   4.1758020937891196     
  0.90000000000000002      	  0.10000000000000001      	   1.7098365267841691E-002   1.6413013869330764E-002   4.1756584376716388     
  0.89999999999999991      	  0.14000000000000001      	   2.3843116716865030E-002   2.2887463102337743E-002   4.1754457899253863     
  0.90000000000000013      	  0.17999999999999999      	   3.0493723720329817E-002   2.9271585974766961E-002   4.1751675041331131     
  0.90000000000000013      	  0.22000000000000000      	   3.7023928948673464E-002   3.5540187270269412E-002   4.1748279690277625     
  0.90000000000000002      	  0.26000000000000001      	   4.3407952261637767E-002   4.1668527683383270E-002   4.1744325392810806     
  0.89999999999999991      	  0.30000000000000004      	   4.9620592748406078E-002   4.7632421454270345E-002   4.1739874510568047     
  0.89999999999999991      	  0.33999999999999997      	   5.5637328399733621E-002   5.3408331818860767E-002   4.1734997236624034     
  0.90000000000000013      	  0.38000000000000000      	   6.1434413011071470E-002   5.8973463897707828E-002   4.1729770488507691     
  0.90000000000000013      	  0.42000000000000004      	   6.6988969929789255E-002   6.4305854656963632E-002   4.1724276695155789     
  0.90000000000000013      	  0.45999999999999996      	   7.2279082275392967E-002   6.9384459586438865E-002   4.1718602496975468     
  0.90000000000000002      	  0.50000000000000000      	   7.7283879278928602E-002   7.4189235752670876E-002   4.1712837379461964     
  0.90000000000000013      	  0.54000000000000004      	   8.1983618406373623E-002   7.8701220899224711E-002   4.1707072261965985     
  0.90000000000000013      	  0.58000000000000007      	   8.6359762950556987E-002   8.2902608282057089E-002   4.1701398063830792     
  0.90000000000000013      	  0.62000000000000000      	   9.0395054796824331E-002   8.6776816944599211E-002   4.1695904270550814     
  0.89999999999999991      	  0.66000000000000003      	   9.4073582089100397E-002   9.0308557155217878E-002   4.1690677522522925     
  0.90000000000000002      	  0.69999999999999996      	   9.7380841545024577E-002   9.3483890748799772E-002   4.1685800248689766     
  0.90000000000000002      	  0.73999999999999999      	  0.10030379519129483        9.6290286134323444E-002   4.1681349366566449     
  0.90000000000000002      	  0.78000000000000003      	  0.10283092131311100        9.8716667751322193E-002   4.1677395069220236     
  0.90000000000000002      	  0.82000000000000006      	  0.10495225943455216       0.10075345978006206        4.1673999718280621     
  0.90000000000000002      	  0.85999999999999999      	  0.10665944916974765       0.10239262393292736        4.1671216860457507     
  0.89999999999999991      	  0.89999999999999991      	  0.10794576280775003       0.10362769117786975        4.1669090383077325     
  0.89999999999999991      	  0.93999999999999995      	  0.10880613151702742       0.10445378726872172        4.1667653821959565     
  0.90000000000000002      	  0.97999999999999998      	  0.10923716507844029       0.10486765198162007        4.1666929832528901     
  0.93999999999999995      	   2.0000000000000000E-002 	   2.0819415704683895E-003   1.9983807807082534E-003   4.1814248098663658     
  0.93999999999999995      	   5.9999999999999998E-002 	   6.2376039042583674E-003   5.9872556461566390E-003   4.1813524074662300     
  0.93999999999999995      	  0.10000000000000001      	   1.0368636413944650E-002   9.9525015488865637E-003   4.1812087444954109     
  0.93999999999999995      	  0.14000000000000001      	   1.4458727740493352E-002   1.3878469474868486E-002   4.1809960866046048     
  0.94000000000000006      	  0.17999999999999999      	   1.8491728841841047E-002   1.7749665422302646E-002   4.1807177875363841     
  0.94000000000000006      	  0.22000000000000000      	   2.2451716985107097E-002   2.1550811549365795E-002   4.1803782362331185     
  0.93999999999999995      	  0.26000000000000001      	   2.6323058810236340E-002   2.5266906468872929E-002   4.1799827876218929     
  0.93999999999999995      	  0.30000000000000004      	   3.0090472208257366E-002   2.8883284451898913E-002   4.1795376781641869     
  0.93999999999999995      	  0.33999999999999997      	   3.3739086763555928E-002   3.2385673306710744E-002   4.1790499275021684     
  0.93999999999999995      	  0.38000000000000000      	   3.7254502516992569E-002   3.5760250704587729E-002   4.1785272277555379     
  0.94000000000000006      	  0.41999999999999998      	   4.0622846815247526E-002   3.8993698730238141E-002   4.1779778222116759     
  0.94000000000000006      	  0.45999999999999996      	   4.3830829021351915E-002   4.2073256441526791E-002   4.1774103753242642     
  0.93999999999999995      	  0.50000000000000000      	   4.6865792871850130E-002   4.4986770231083342E-002   4.1768338360696280     
  0.94000000000000006      	  0.54000000000000004      	   4.9715766277327260E-002   4.7722741791037929E-002   4.1762572968169449     
  0.94000000000000006      	  0.58000000000000007      	   5.2369508375002469E-002   5.0270373491590241E-002   4.1756898499339643     
  0.93999999999999995      	  0.62000000000000000      	   5.4816553654628654E-002   5.2619610994320415E-002   4.1751404443969946     
  0.93999999999999995      	  0.66000000000000003      	   5.7047252991937122E-002   5.4761182932069476E-002   4.1746177446595452     
  0.93999999999999995      	  0.69999999999999996      	   5.9052811437222269E-002   5.6686637498790375E-002   4.1741299940085268     
  0.93999999999999995      	  0.73999999999999999      	   6.0825322620278302E-002   5.8388375804964809E-002   4.1736848845627197     
  0.93999999999999995      	  0.78000000000000003      	   6.2357799646703405E-002   5.9859681866948580E-002   4.1732894359636674     
  0.93999999999999995      	  0.82000000000000006      	   6.3644202374495973E-002   6.1094749111890834E-002   4.1729498846717430     
  0.93999999999999995      	  0.85999999999999988      	   6.4679460973833230E-002   6.2088703293624321E-002   4.1726715856134584     
  0.93999999999999995      	  0.89999999999999991      	   6.5459495686897406E-002   6.2837621729088244E-002   4.1724589277309763     
  0.93999999999999995      	  0.93999999999999995      	   6.5981232718568761E-002   6.3338548779366094E-002   4.1723152647658681     
  0.93999999999999995      	  0.97999999999999998      	   6.6242616202720705E-002   6.3589507514242236E-002   4.1722428623688419     
  0.97999999999999998      	   2.0000000000000000E-002 	   6.9766653842562732E-004   6.6964717221396693E-004   4.1841983919716448     
  0.97999999999999998      	   5.9999999999999998E-002 	   2.0902447915402056E-003   2.0062987251858646E-003   4.1841259878468078     
  0.97999999999999998      	  0.10000000000000001      	   3.4745694969360958E-003   3.3350323336801537E-003   4.1839823214536906     
  0.97999999999999998      	  0.14000000000000001      	   4.8451746561722379E-003   4.6506040931847507E-003   4.1837696584970860     
  0.97999999999999998      	  0.17999999999999999      	   6.1966486638409318E-003   5.9478220429924570E-003   4.1834913527992104     
  0.97999999999999998      	  0.22000000000000000      	   7.5236557516012853E-003   7.2215666564978886E-003   4.1831517934073235     
  0.97999999999999998      	  0.26000000000000001      	   8.8209571210455112E-003   8.4668110456301033E-003   4.1827563353759976     
  0.97999999999999998      	  0.30000000000000004      	   1.0083431679338457E-002   9.6786407996832403E-003   4.1823112153151190     
  0.97999999999999998      	  0.33999999999999997      	   1.1306096293653102E-002   1.0852273380250405E-002   4.1818234530341813     
  0.97999999999999998      	  0.38000000000000000      	   1.2484125482914721E-002   1.1983076995717825E-002   4.1813007408359875     
  0.97999999999999998      	  0.42000000000000004      	   1.3612870468232596E-002   1.3066588880830277E-002   4.1807513222043520     
  0.97999999999999998      	  0.45999999999999996      	   1.4687877506607027E-002   1.4098532909186719E-002   4.1801838617994518     
  0.97999999999999998      	  0.50000000000000000      	   1.5704905436013817E-002   1.5074836469157608E-002   4.1796073088109438     
  0.97999999999999998      	  0.54000000000000004      	   1.6659942363750544E-002   1.5991646536622415E-002   4.1790307558240931     
  0.97999999999999998      	  0.58000000000000007      	   1.7549221433939628E-002   1.6845344881095525E-002   4.1784632954236489     
  0.97999999999999998      	  0.62000000000000000      	   1.8369235614285551E-002   1.7632562345228975E-002   4.1779138767991091     
  0.97999999999999998      	  0.66000000000000003      	   1.9116751446538502E-002   1.8350192141337294E-002   4.1773911646101380     
  0.97999999999999998      	  0.69999999999999996      	   1.9788821709593004E-002   1.8995402112469098E-002   4.1769034023401055     
  0.97999999999999998      	  0.73999999999999999      	   2.0382796948713512E-002   1.9565645909636734E-002   4.1764582822911276     
  0.97999999999999998      	  0.78000000000000003      	   2.0896335829003687E-002   2.0058673041092386E-002   4.1760628242718640     
  0.97999999999999998      	  0.82000000000000006      	   2.1327414275897925E-002   2.0472537753990869E-002   4.1757232648913254     
  0.97999999999999998      	  0.85999999999999999      	   2.1674333370133018E-002   2.0805606713387183E-002   4.1754449592035234     
  0.97999999999999998      	  0.90000000000000002      	   2.1935725969341319E-002   2.1056565448263315E-002   4.1752322962552029     
  0.97999999999999998      	  0.93999999999999995      	   2.2110562033082683E-002   2.1224423539144853E-002   4.1750886298678376     
  0.97999999999999998      	  0.97999999999999998      	   2.2198152632795592E-002   2.1308518526834155E-002   4.1750162257460905     
