   1.9999999999999997E-002 	   2.0000000000000004E-002 	   6.6790444688378668E-004   6.6964717221396455E-004  0.26024530566090848     
   1.9999999999999997E-002 	   6.0000000000000005E-002 	   2.0010763046168778E-003   2.0062987251858577E-003  0.26030124544369959     
   2.0000000000000000E-002 	  0.10000000000000001      	   3.3263475011817189E-003   3.3350323336801425E-003  0.26041224280545661     
   2.0000000000000000E-002 	  0.14000000000000001      	   4.6384857096123805E-003   4.6506040931847351E-003  0.26057654725143375     
   2.0000000000000000E-002 	  0.17999999999999999      	   5.9323106246483154E-003   5.9478220429924379E-003  0.26079156760242461     
   2.0000000000000000E-002 	  0.22000000000000000      	   7.2027144741713782E-003   7.2215666564978643E-003  0.26105391285868979     
   2.0000000000000000E-002 	  0.26000000000000001      	   8.4446822352145269E-003   8.4668110456300755E-003  0.26135944567901803     
   2.0000000000000000E-002 	  0.30000000000000004      	   9.6533114727055461E-003   9.6786407996832090E-003  0.26170334762802677     
   2.0000000000000000E-002 	  0.33999999999999997      	   1.0823831720995380E-002   1.0852273380250370E-002  0.26208019516675268     
   2.0000000000000000E-002 	  0.38000000000000000      	   1.1951623330481907E-002   1.1983076995717785E-002  0.26248404518403462     
   2.0000000000000004E-002 	  0.42000000000000004      	   1.3032235704249252E-002   1.3066588880830236E-002  0.26290852872383758     
   2.0000000000000004E-002 	  0.45999999999999996      	   1.4061404852574372E-002   1.4098532909186673E-002  0.26334695142717968     
   2.0000000000000000E-002 	  0.50000000000000000      	   1.5035070196374241E-002   1.5074836469157558E-002  0.26379239910613222     
   2.0000000000000000E-002 	  0.54000000000000004      	   1.5949390554148575E-002   1.5991646536622363E-002  0.26423784678468015     
   2.0000000000000000E-002 	  0.58000000000000007      	   1.6800759250682001E-002   1.6845344881095469E-002  0.26467626948679174     
   2.0000000000000000E-002 	  0.62000000000000000      	   1.7585818289674218E-002   1.7632562345228919E-002  0.26510075302441360     
   2.0000000000000000E-002 	  0.66000000000000014      	   1.8301471536535462E-002   1.8350192141337235E-002  0.26550460303912021     
   2.0000000000000000E-002 	  0.69999999999999996      	   1.8944896861789899E-002   1.8995402112469036E-002  0.26588145057473472     
   2.0000000000000000E-002 	  0.73999999999999999      	   1.9513557199840860E-002   1.9565645909636668E-002  0.26622535252031942     
   2.0000000000000000E-002 	  0.78000000000000003      	   2.0005210482249042E-002   2.0058673041092320E-002  0.26653088533700175     
   2.0000000000000000E-002 	  0.82000000000000006      	   2.0417918409133179E-002   2.0472537753990803E-002  0.26679323058997273     
   2.0000000000000000E-002 	  0.85999999999999999      	   2.0750054026804667E-002   2.0805606713387111E-002  0.26700825093795205     
   2.0000000000000000E-002 	  0.90000000000000002      	   2.1000308084279530E-002   2.1056565448263245E-002  0.26717255538155849     
   2.0000000000000000E-002 	  0.93999999999999995      	   2.1167694145860477E-002   2.1224423539144784E-002  0.26728355274139132     
   2.0000000000000000E-002 	  0.97999999999999998      	   2.1251552441540200E-002   2.1308518526834085E-002  0.26733949252336336     
   5.9999999999999991E-002 	   2.0000000000000004E-002 	   1.9940073918819122E-003   1.9983807807082486E-003  0.21884662165267579     
   5.9999999999999998E-002 	   6.0000000000000012E-002 	   5.9741493888513381E-003   5.9872556461566286E-003  0.21890258375226948     
   5.9999999999999998E-002 	  0.10000000000000001      	   9.9307042144267735E-003   9.9525015488865429E-003  0.21901362539559729     
   5.9999999999999998E-002 	  0.14000000000000001      	   1.3848050923682683E-002   1.3878469474868456E-002  0.21917799538959243     
   5.9999999999999998E-002 	  0.17999999999999999      	   1.7710723880823009E-002   1.7749665422302649E-002  0.21939310152127769     
   5.9999999999999998E-002 	  0.22000000000000000      	   2.1503473995417605E-002   2.1550811549365802E-002  0.21965555143834412     
   5.9999999999999998E-002 	  0.26000000000000001      	   2.5211329076647471E-002   2.5266906468872877E-002  0.21996120614873699     
   5.9999999999999998E-002 	  0.30000000000000004      	   2.8819653061237856E-002   2.8883284451898854E-002  0.22030524529496445     
   5.9999999999999998E-002 	  0.34000000000000002      	   3.2314203876390390E-002   3.2385673306710674E-002  0.22068224317409729     
   5.9999999999999998E-002 	  0.38000000000000000      	   3.5681189705774996E-002   3.5760250704587659E-002  0.22108625430447748     
   6.0000000000000012E-002 	  0.42000000000000004      	   3.8907323434434316E-002   3.8993698730238169E-002  0.22151090718889008     
   6.0000000000000012E-002 	  0.45999999999999996      	   4.1979875057202548E-002   4.2073256441526818E-002  0.22194950479778355     
   5.9999999999999998E-002 	  0.50000000000000000      	   4.4886721844861893E-002   4.4986770231083245E-002  0.22239513018479443     
   5.9999999999999998E-002 	  0.54000000000000004      	   4.7616396072651404E-002   4.7722741791037949E-002  0.22284075557141719     
   5.9999999999999998E-002 	  0.58000000000000007      	   5.0158130126817566E-002   5.0270373491590248E-002  0.22327935317898426     
   5.9999999999999998E-002 	  0.62000000000000011      	   5.2501898816552026E-002   5.2619610994320304E-002  0.22370400606151186     
   5.9999999999999998E-002 	  0.66000000000000014      	   5.4638458730811024E-002   5.4761182932069358E-002  0.22410801718905904     
   5.9999999999999998E-002 	  0.70000000000000018      	   5.6559384492061313E-002   5.6686637498790271E-002  0.22448501506492444     
   5.9999999999999998E-002 	  0.73999999999999999      	   5.8257101771875028E-002   5.8388375804964691E-002  0.22482905420791230     
   5.9999999999999998E-002 	  0.78000000000000003      	   5.9724916946420015E-002   5.9859681866948448E-002  0.22513470891472323     
   5.9999999999999998E-002 	  0.82000000000000006      	   6.0957043283199147E-002   6.1094749111890709E-002  0.22539715882843417     
   5.9999999999999998E-002 	  0.85999999999999999      	   6.1948623563841024E-002   6.2088703293624196E-002  0.22561226495699302     
   5.9999999999999998E-002 	  0.89999999999999991      	   6.2695749061266404E-002   6.2837621729088106E-002  0.22577663494865813     
   5.9999999999999998E-002 	  0.93999999999999995      	   6.3195474803142249E-002   6.3338548779365969E-002  0.22588767659029496     
   5.9999999999999998E-002 	  0.97999999999999998      	   6.3445831067139996E-002   6.3589507514242097E-002  0.22594363868901107     
   9.9999999999999992E-002 	   2.0000000000000000E-002 	   3.2894991971751039E-003   3.2955987305159505E-003  0.18508118978100471     
   9.9999999999999992E-002 	   5.9999999999999998E-002 	   9.8555099136467955E-003   9.8737899689743478E-003  0.18513717007341970     
  0.10000000000000001      	  0.10000000000000001      	   1.6382609048724094E-002   1.6413013869330761E-002  0.18524824781560331     
  0.10000000000000001      	  0.14000000000000001      	   2.2845026845619426E-002   2.2887463102337701E-002  0.18541267124507382     
  0.10000000000000001      	  0.17999999999999999      	   2.9217249759849642E-002   2.9271585974766989E-002  0.18562784730620979     
  0.10000000000000001      	  0.22000000000000000      	   3.5474121480195978E-002   3.5540187270269447E-002  0.18589038254375001     
  0.10000000000000001      	  0.26000000000000001      	   4.1590942494650243E-002   4.1668527683383257E-002  0.18619613662028461     
  0.10000000000000001      	  0.30000000000000004      	   4.7543567798293315E-002   4.7632421454270261E-002  0.18654028761114025     
  0.10000000000000001      	  0.34000000000000008      	   5.3308502349342313E-002   5.3408331818860663E-002  0.18691740804961188     
  0.10000000000000001      	  0.38000000000000000      	   5.8862993890738777E-002   5.8973463897707884E-002  0.18732155052096386     
  0.10000000000000001      	  0.42000000000000004      	   6.4185122767502600E-002   6.4305854656963701E-002  0.18774634145699332     
  0.10000000000000001      	  0.45999999999999996      	   6.9253888384513268E-002   6.9384459586438921E-002  0.18818508165072265     
  0.10000000000000001      	  0.50000000000000000      	   7.4049291965247011E-002   7.4189235752670848E-002  0.18863085190738052     
  0.10000000000000001      	  0.54000000000000004      	   7.8552415289147054E-002   7.8701220899224766E-002  0.18907662216353013     
  0.10000000000000001      	  0.58000000000000007      	   8.2745495103568795E-002   8.2902608282057158E-002  0.18951536235605726     
  0.10000000000000001      	  0.62000000000000011      	   8.6611992925474529E-002   8.6776816944599294E-002  0.18994015329001221     
  0.10000000000000001      	  0.65999999999999992      	   9.0136659968090754E-002   9.0308557155217697E-002  0.19034429575870102     
  0.10000000000000001      	  0.69999999999999996      	   9.3305596948450420E-002   9.3483890748799731E-002  0.19072141619394442     
  0.10000000000000001      	  0.73999999999999999      	   9.6106308552980330E-002   9.6290286134323402E-002  0.19106556718133225     
  0.10000000000000001      	  0.78000000000000003      	   9.8527752359948234E-002   9.8716667751322165E-002  0.19137132125430850     
  0.10000000000000001      	  0.81999999999999995      	  0.10056038203953985       0.10075345978006202       0.19163385648854822     
  0.10000000000000001      	  0.85999999999999988      	  0.10219618467451272       0.10239262393292732       0.19184903254679767     
  0.10000000000000001      	  0.89999999999999991      	  0.10342871206669310       0.10362769117786956       0.19201345597377573     
  0.10000000000000001      	  0.93999999999999995      	  0.10425310591698450       0.10445378726872152       0.19212453371436178     
  0.10000000000000001      	  0.97999999999999998      	  0.10466611678901588       0.10486765198162001       0.19218051400583711     
  0.14000000000000001      	   2.0000000000000000E-002 	   4.5339078702058451E-003   4.5408431196481622E-003  0.15273043484608295     
  0.13999999999999999      	   5.9999999999999998E-002 	   1.3583822729328780E-002   1.3604608725665119E-002  0.15278643256476654     
  0.14000000000000001      	  0.10000000000000001      	   2.2580105861066804E-002   2.2614683156396399E-002  0.15289754488474930     
  0.14000000000000001      	  0.14000000000000001      	   3.1487238879332205E-002   3.1535507764375352E-002  0.15306201949814435     
  0.14000000000000001      	  0.17999999999999999      	   4.0270056534746773E-002   4.0331876130411379E-002  0.15327726254220014     
  0.14000000000000001      	  0.22000000000000000      	   4.8893885951552030E-002   4.8969073007242167E-002  0.15353987950520889     
  0.14000000000000001      	  0.26000000000000001      	   5.7324683859078615E-002   5.7413011324754799E-002  0.15384572876096481     
  0.14000000000000001      	  0.30000000000000004      	   6.5529171262247166E-002   6.5630366716078498E-002  0.15418998688383156     
  0.14000000000000001      	  0.33999999999999997      	   7.3474965008377635E-002   7.3588709033636304E-002  0.15456722471742018     
  0.14000000000000001      	  0.38000000000000000      	   8.1130705722931712E-002   8.1256630336121558E-002  0.15497149299565219     
  0.14000000000000001      	  0.41999999999999993      	   8.8466181604529320E-002   8.8603868841293384E-002  0.15539641616630592     
  0.14000000000000001      	  0.45999999999999996      	   9.5452447589476186E-002   9.5601428355405860E-002  0.15583529293707415     
  0.14000000000000001      	  0.50000000000000000      	  0.10206193941791084       0.10222169270793761       0.15628120195897907     
  0.14000000000000001      	  0.54000000000000004      	  0.10826858215731275       0.10843853474000034       0.15672711098050482     
  0.14000000000000001      	  0.58000000000000007      	  0.11404789276429142       0.11422741941629837       0.15716598774998872     
  0.14000000000000001      	  0.62000000000000011      	  0.11937707629207966       0.11956550065370423       0.15759091091861083     
  0.14000000000000001      	  0.66000000000000003      	  0.12423511537877729       0.12443171148431124       0.15799517919412157     
  0.14000000000000001      	  0.69999999999999996      	  0.12860285267993193       0.12880684719713120       0.15837241702459115     
  0.14000000000000001      	  0.73999999999999999      	  0.13246306593832069       0.13267364113031510       0.15871667514391891     
  0.14000000000000001      	  0.78000000000000003      	  0.13580053541363291       0.13601683281477864       0.15902252439613529     
  0.14000000000000001      	  0.82000000000000006      	  0.13860210342502866       0.13882322820030230       0.15928514135587471     
  0.14000000000000001      	  0.85999999999999988      	  0.14085672579010194       0.14108175172641951       0.15950038439693517     
  0.14000000000000001      	  0.89999999999999991      	  0.14255551497454672       0.14278349003259394       0.15966485900798755     
  0.14000000000000001      	  0.94000000000000006      	  0.14369177479770173       0.14392172713518142       0.15977597132620647     
  0.14000000000000001      	  0.97999999999999998      	  0.14426102657009726       0.14449197093234906       0.15983196904409494     
  0.17999999999999999      	   2.0000000000000004E-002 	   5.7075482959935194E-003   5.7144757002153216E-003  0.12122554343071511     
  0.17999999999999999      	   6.0000000000000012E-002 	   1.7100110212182718E-002   1.7120874675752837E-002  0.12128155811762721     
  0.17999999999999999      	  0.10000000000000001      	   2.8425157374786472E-002   2.8459705380728763E-002  0.12139270410608152     
  0.17999999999999999      	  0.14000000000000001      	   3.9637977163082941E-002   3.9686218630569578E-002  0.12155722855761729     
  0.17999999999999999      	  0.17999999999999999      	   5.0694301505463196E-002   5.0756108506384200E-002  0.12177253682328538     
  0.17999999999999999      	  0.22000000000000000      	   6.1550482158985925E-002   6.1625687210184375E-002  0.12203523336291743     
  0.17999999999999999      	  0.26000000000000001      	   7.2163663464367589E-002   7.2252057480664392E-002  0.12234117529519237     
  0.18000000000000002      	  0.30000000000000004      	   8.2491951877076419E-002   8.2593281889093442E-002  0.12268553773306801     
  0.17999999999999999      	  0.33999999999999997      	   9.2494581591320180E-002   9.2608548347187486E-002  0.12306288987496852     
  0.17999999999999999      	  0.37999999999999995      	  0.10213207559303589       0.10225833117377643       0.12346728065216284     
  0.17999999999999999      	  0.41999999999999998      	  0.11136640150029378       0.11150454708461016       0.12389233258044063     
  0.17999999999999999      	  0.45999999999999996      	  0.12016112157457251       0.12031070548968290       0.12433134233695640     
  0.17999999999999999      	  0.50000000000000000      	  0.12848153631389669       0.12864205250492083       0.12477738647554640     
  0.17999999999999999      	  0.54000000000000004      	  0.13629482106857876       0.13646570810988529       0.12522343061373345     
  0.17999999999999999      	  0.58000000000000007      	  0.14357015515200122       0.14375079591019166       0.12566244036888125     
  0.17999999999999999      	  0.62000000000000011      	  0.15027884295224064       0.15046856499253219       0.12608749229512964     
  0.17999999999999999      	  0.66000000000000014      	  0.15639442658511005       0.15659250339139569       0.12649188306962375     
  0.17999999999999999      	  0.69999999999999996      	  0.16189278966511983       0.16209844271968307       0.12686923520843371     
  0.17999999999999999      	  0.73999999999999988      	  0.16675225180771708       0.16696465355029008       0.12721359764270598     
  0.17999999999999999      	  0.77999999999999992      	  0.17095365351372205       0.17117193117222854       0.12751953957151027     
  0.17999999999999999      	  0.81999999999999995      	  0.17448043112499140       0.17470367138284695       0.12778223610787520     
  0.17999999999999999      	  0.85999999999999999      	  0.17731868157880126       0.17754593601703264       0.12799754437047581     
  0.17999999999999999      	  0.89999999999999991      	  0.17945721672717646       0.17968750795478169       0.12816206881960127     
  0.17999999999999999      	  0.93999999999999995      	  0.18088760702626683       0.18111993539004695       0.12827321480641832     
  0.17999999999999999      	  0.97999999999999998      	  0.18160421443982422       0.18183756518615529       0.12832922949236694     
  0.22000000000000000      	   2.0000000000000004E-002 	   6.7918409438822089E-003   6.7979875853277699E-003   9.0418544729728878E-002
  0.22000000000000000      	   6.0000000000000012E-002 	   2.0348707126372677E-002   2.0367134204689136E-002   9.0474576006949595E-002
  0.22000000000000000      	  0.10000000000000001      	   3.3825232426653626E-002   3.3855901050203106E-002   9.0585754914641339E-002
  0.22000000000000000      	  0.14000000000000001      	   4.7168209935049402E-002   4.7211054121561853E-002   9.0750328095055344E-002
  0.22000000000000000      	  0.17999999999999999      	   6.0324961744278843E-002   6.0379886730981783E-002   9.0965700130663948E-002
  0.22000000000000000      	  0.21999999999999997      	   7.3243547527769570E-002   7.3310427512420825E-002   9.1228474475781626E-002
  0.22000000000000000      	  0.26000000000000001      	   8.5872970113804764E-002   8.5951645528816872E-002   9.1534507022010297E-002
  0.22000000000000000      	  0.30000000000000004      	   9.8163377223314724E-002   9.8253651667882316E-002   9.1878971453131009E-002
  0.22000000000000000      	  0.33999999999999997      	  0.11006625855831062       0.11016789553163828        9.2256435359127295E-002
  0.22000000000000000      	  0.37999999999999989      	  0.12153463745094603       0.12164735704265474        9.2660945908740758E-002
  0.22000000000000000      	  0.41999999999999993      	  0.13252325630973300       0.13264673201081489        9.3086123728876785E-002
  0.22000000000000000      	  0.45999999999999996      	  0.14298875512924103       0.14312261092825582        9.3525263511218357E-002
  0.22000000000000000      	  0.50000000000000000      	  0.15288984236237363       0.15303365028686419        9.3971439759159392E-002
  0.22000000000000000      	  0.54000000000000004      	  0.16218745748971930       0.16234073574221478        9.4417616006662874E-002
  0.22000000000000000      	  0.58000000000000007      	  0.17084492465818768       0.17100713648001814        9.4856755787741276E-002
  0.22000000000000000      	  0.62000000000000011      	  0.17882809680084827       0.17899865017586411        9.5281933605798119E-002
  0.22000000000000000      	  0.66000000000000014      	  0.18610548969126650       0.18628373797617048        9.5686444152619954E-002
  0.22000000000000000      	  0.69999999999999996      	  0.19264840542838513       0.19283364896762947        9.6063908055508310E-002
  0.22000000000000000      	  0.73999999999999977      	  0.19843104489185664       0.19862253364392751        9.6408372483129806E-002
  0.22000000000000000      	  0.78000000000000003      	  0.20343060875243008       0.20362754592193708        9.6714405025780742E-002
  0.22000000000000000      	  0.81999999999999984      	  0.20762738666734071       0.20782893330476948        9.6977179367617919E-002
  0.22000000000000000      	  0.85999999999999988      	  0.21100483433643169       0.21121011483585594        9.7192551400196850E-002
  0.22000000000000000      	  0.90000000000000002      	  0.21354963814081745       0.21375774653640828        9.7357124578115087E-002
  0.22000000000000000      	  0.94000000000000006      	  0.21525176713216554       0.21546177406800651        9.7468303484166088E-002
  0.22000000000000000      	  0.97999999999999998      	  0.21610451218702548       0.21631547241247964        9.7524334760436066E-002
  0.26000000000000001      	   2.0000000000000000E-002 	   7.7696079894227672E-003   7.7742911452986585E-003   6.0239008140611595E-002
  0.26000000000000001      	   5.9999999999999998E-002 	   2.3278147820432464E-002   2.3292191860481256E-002   6.0295055668933291E-002
  0.26000000000000001      	  0.10000000000000001      	   3.8694780735144735E-002   3.8718168935580805E-002   6.0406266822645813E-002
  0.26000000000000001      	  0.14000000000000001      	   5.3958640050732726E-002   5.3991343086540418E-002   6.0570887735231602E-002
  0.26000000000000001      	  0.17999999999999999      	   6.9009464242979990E-002   6.9051438072635821E-002   6.0786322236588627E-002
  0.26000000000000001      	  0.21999999999999997      	   8.3787835551937084E-002   8.3839018579259808E-002   6.1049172795762476E-002
  0.26000000000000001      	  0.26000000000000001      	   9.8235415150925515E-002   9.8295724781955696E-002   6.1355294102528539E-002
  0.26000000000000001      	  0.30000000000000004      	  0.11229517392689956       0.11236450266598222        6.1699858440838799E-002
  0.26000000000000001      	  0.33999999999999997      	  0.12591161794212080       0.12598982919244436        6.2077431825149638E-002
  0.26000000000000001      	  0.38000000000000000      	  0.13903100767340049       0.13911793142236176        6.2482059697516863E-002
  0.26000000000000001      	  0.41999999999999993      	  0.15160157015552339       0.15169699873389234        6.2907360834703066E-002
  0.26000000000000001      	  0.45999999999999996      	  0.16357370318956355       0.16367738729518669        6.3346627983590115E-002
  0.26000000000000001      	  0.50000000000000000      	  0.17490017081428028       0.17501181598591226        6.3792933638816107E-002
  0.26000000000000001      	  0.54000000000000004      	  0.18553628927928495       0.18565555299423475        6.4239239293588865E-002
  0.26000000000000001      	  0.58000000000000007      	  0.19544010280181146       0.19556659235284313        6.4678506441150474E-002
  0.26000000000000001      	  0.62000000000000000      	  0.20457254843434602       0.20470581971731211        6.5103807576221306E-002
  0.26000000000000001      	  0.66000000000000003      	  0.21289760941770536       0.21303716673255008        6.5508435445877145E-002
  0.26000000000000001      	  0.69999999999999996      	  0.22038245644306154       0.22052775337811817        6.5886008826973111E-002
  0.26000000000000001      	  0.73999999999999999      	  0.22699757629658135       0.22714801773064996        6.6230573161773137E-002
  0.26000000000000001      	  0.78000000000000003      	  0.23271688741148411       0.23287183263125699        6.6536694464990706E-002
  0.26000000000000001      	  0.81999999999999995      	  0.23751784190419123       0.23767660879748892        6.6799545020842552E-002
  0.26000000000000001      	  0.85999999999999988      	  0.24138151372361144       0.24154338397291100        6.7014979519254933E-002
  0.26000000000000001      	  0.90000000000000002      	  0.24429267259532861       0.24445689776246748        6.7179600429376929E-002
  0.26000000000000001      	  0.94000000000000006      	  0.24623984349537120       0.24640565185828872        6.7290811581252830E-002
  0.26000000000000001      	  0.97999999999999998      	  0.24721535144128376       0.24738195541825958        6.7346859108675203E-002
  0.30000000000000004      	   2.0000000000000000E-002 	   8.6253460663335661E-003   8.6279894897717639E-003   3.0637768408636714E-002
  0.29999999999999999      	   5.9999999999999998E-002 	   2.5841983406262620E-002   2.5849917736552618E-002   3.0693831875443261E-002
  0.30000000000000004      	  0.10000000000000001      	   4.2956591280085291E-002   4.2969828167731351E-002   3.0805074654687601E-002
  0.30000000000000004      	  0.14000000000000001      	   5.9901599200132993E-002   5.9920156318179214E-002   3.0969742381314440E-002
  0.30000000000000004      	  0.17999999999999999      	   7.6610108488974593E-002   7.6634006986554704E-002   3.1185238146692981E-002
  0.30000000000000004      	  0.21999999999999997      	   9.3016157164887231E-002   9.3045418240101749E-002   3.1448163453906164E-002
  0.30000000000000004      	  0.26000000000000001      	  0.10905498101216693       0.10908962173626328        3.1754371813757599E-002
  0.30000000000000004      	  0.30000000000000004      	  0.12466326977943676       0.12470329833373925        3.2099034137303431E-002
  0.30000000000000004      	  0.33999999999999997      	  0.13977941747347455       0.13982482798420973        3.2476714893795736E-002
  0.30000000000000004      	  0.37999999999999995      	  0.15434376574527769       0.15439453291851410        3.2881457831928744E-002
  0.30000000000000004      	  0.41999999999999993      	  0.16829883939878387       0.16835491316754164        3.3306879913844026E-002
  0.30000000000000004      	  0.45999999999999996      	  0.18158957309052076       0.18165087348834061        3.3746271979133290E-002
  0.30000000000000004      	  0.50000000000000000      	  0.19416352833006151       0.19422994079987116        3.4192704552219774E-002
  0.30000000000000004      	  0.54000000000000004      	  0.20597109993612506       0.20604247127028399        3.4639137124944118E-002
  0.30000000000000004      	  0.58000000000000007      	  0.21696571115105945       0.21704184623844416        3.5078529188824176E-002
  0.30000000000000004      	  0.62000000000000000      	  0.22710399666686298       0.22718465619648875        3.5503951268614435E-002
  0.30000000000000004      	  0.66000000000000003      	  0.23634597286845332       0.23643087210732253        3.5908694204140765E-002
  0.30000000000000004      	  0.69999999999999996      	  0.24465519465418695       0.24474400338093957        3.6286374957427217E-002
  0.30000000000000004      	  0.74000000000000010      	  0.25199889824932287       0.25209124188611143        3.6631037277478927E-002
  0.30000000000000004      	  0.77999999999999992      	  0.25834812948490116       0.25844359142909207        3.6937245633773999E-002
  0.30000000000000004      	  0.81999999999999984      	  0.26367785707208147       0.26377598218834791        3.7200170937617676E-002
  0.30000000000000004      	  0.85999999999999988      	  0.26796707046012846       0.26806736965368966        3.7415666700041601E-002
  0.30000000000000004      	  0.89999999999999991      	  0.27119886192476084       0.27130081767934011        3.7580334424122494E-002
  0.30000000000000004      	  0.93999999999999995      	  0.27336049259232176       0.27346356532316402        3.7691577201683819E-002
  0.30000000000000004      	  0.97999999999999998      	  0.27444344216410854       0.27454707720827648        3.7747640667585194E-002
  0.33999999999999997      	   2.0000000000000000E-002 	   9.3454721924264017E-003   9.3456192858800795E-003   1.5739294441408972E-003
  0.33999999999999997      	   5.9999999999999998E-002 	   2.7999518565937680E-002   2.7999974967926184E-002   1.6300085590332234E-003
  0.33999999999999997      	  0.10000000000000001      	   4.6543017081274216E-002   4.6543827540745659E-002   1.7412823875183623E-003
  0.33999999999999997      	  0.14000000000000001      	   6.4902755822557029E-002   6.4903992890113976E-002   1.9059960749128724E-003
  0.33999999999999997      	  0.17999999999999999      	   8.3006250773233758E-002   8.3008011831358822E-002   2.1215519878262233E-003
  0.33999999999999997      	  0.21999999999999997      	  0.10078203281670217       0.10078443607265862        2.3845506807379890E-003
  0.33999999999999997      	  0.26000000000000001      	  0.11815993060324878       0.11816311018880873        2.6908445071165865E-003
  0.33999999999999997      	  0.30000000000000004      	  0.13507134813822630       0.13507544849263367        3.0356030301058414E-003
  0.33999999999999997      	  0.33999999999999997      	  0.15144953597278998       0.15145470571136060        3.4133892019657859E-003
  0.33999999999999997      	  0.38000000000000000      	  0.16722985491014880       0.16723624039971810        3.8182451088575003E-003
  0.33999999999999997      	  0.42000000000000004      	  0.18235003117679843       0.18235777005018858        4.2437859313673460E-003
  0.33999999999999997      	  0.45999999999999996      	  0.19675040204922140       0.19675961689361141        4.6833006363253106E-003
  0.33999999999999997      	  0.50000000000000000      	  0.21037415097161338       0.21038494342007355        5.1298578143104956E-003
  0.33999999999999997      	  0.54000000000000004      	  0.22316753124891570       0.22317997669059467        5.5764149918452214E-003
  0.33999999999999997      	  0.58000000000000007      	  0.23508007745132392       0.23509422055435064        6.0159296954944014E-003
  0.33999999999999997      	  0.62000000000000000      	  0.24606480372107875       0.24608065493391146        6.4414705158209800E-003
  0.33999999999999997      	  0.66000000000000014      	  0.25607838822927864       0.25609592139200549        6.8463264200166792E-003
  0.33999999999999997      	  0.70000000000000018      	  0.26508134308928510       0.26510049424746268        7.2241125886774822E-003
  0.33999999999999997      	  0.73999999999999999      	  0.27303816909363121       0.27305883656502045        7.5688711082286765E-003
  0.33999999999999997      	  0.78000000000000003      	  0.27991749470285832       0.27993954040337227        7.8751649310363544E-003
  0.33999999999999997      	  0.82000000000000006      	  0.28569219877708996       0.28571545076796268        8.1381636205606171E-003
  0.33999999999999997      	  0.85999999999999999      	  0.29033951660414892       0.29036377277934511        8.3537195305090819E-003
  0.33999999999999997      	  0.90000000000000002      	  0.29384112884143543       0.29386616163415691        8.5184332154050642E-003
  0.33999999999999997      	  0.93999999999999995      	  0.29618323305243555       0.29620879500367747        8.6297070421587196E-003
  0.33999999999999997      	  0.97999999999999998      	  0.29735659758251887       0.29738242758424460        8.6857861560827518E-003
  0.38000000000000000      	   2.0000000000000000E-002 	   9.9185391674870803E-003   9.9158630830477098E-003   2.6987912367866018E-002
  0.38000000000000000      	   5.9999999999999998E-002 	   2.9716456894909440E-002   2.9708455867681272E-002   2.6931817876378401E-002
  0.38000000000000000      	   9.9999999999999992E-002 	   4.9397047939062758E-002   4.9383802949507546E-002   2.6820513537107449E-002
  0.38000000000000000      	  0.13999999999999999      	   6.8882611009210698E-002   6.8864254722405607E-002   2.6655754685918836E-002
  0.38000000000000000      	  0.17999999999999999      	   8.8096217348898248E-002   8.8072930742999711E-002   2.6440139668439413E-002
  0.38000000000000000      	  0.21999999999999997      	  0.10696201533552124       0.10693402314264584        2.6177068862414506E-002
  0.38000000000000000      	  0.26000000000000001      	  0.12540553069273402       0.12537309580645614        2.5870691051574097E-002
  0.38000000000000006      	  0.30000000000000004      	  0.14335396110040299       0.14331737813863751        2.5525837997183880E-002
  0.38000000000000000      	  0.33999999999999997      	  0.16073646401482899       0.16069605225478761        2.5147948237899013E-002
  0.38000000000000000      	  0.38000000000000000      	  0.17748443654553564       0.17744053246773098        2.4742981321163020E-002
  0.38000000000000000      	  0.42000000000000004      	  0.19353178627367368       0.19348473596389248        2.4317323817199723E-002
  0.38000000000000000      	  0.45999999999999996      	  0.20881519194062037       0.20876534360197213        2.3877688599157253E-002
  0.38000000000000000      	  0.50000000000000000      	  0.22327435298319653       0.22322204980466800        2.3431008977068839E-002
  0.38000000000000000      	  0.54000000000000004      	  0.23685222694362540       0.23679780055723892        2.2984329355423508E-002
  0.38000000000000000      	  0.58000000000000007      	  0.24949525383743498       0.24943901857363496        2.2544694138709666E-002
  0.38000000000000000      	  0.62000000000000000      	  0.26115356662048850       0.26109581474156857        2.2119036636835468E-002
  0.38000000000000000      	  0.66000000000000014      	  0.27178118695675457       0.27172218501204859        2.1714069722855660E-002
  0.38000000000000000      	  0.70000000000000018      	  0.28133620555086392       0.28127619195634423        2.1336179966840424E-002
  0.38000000000000000      	  0.73999999999999999      	  0.28978094637354390       0.28972013027385679        2.0991326915953273E-002
  0.38000000000000000      	  0.78000000000000003      	  0.29708211417330532       0.29702067559771567        2.0684949108683792E-002
  0.38000000000000000      	  0.82000000000000006      	  0.30321092473396505       0.30314901601082950        2.0421878305994325E-002
  0.38000000000000000      	  0.85999999999999988      	  0.30814321740445128       0.30808096575336003        2.0206263291542119E-002
  0.38000000000000000      	  0.89999999999999991      	  0.31185954949463457       0.31179706067286711        2.0041504442859844E-002
  0.38000000000000000      	  0.93999999999999995      	  0.31434527219848529       0.31428263504042570        1.9930200105246203E-002
  0.38000000000000000      	  0.97999999999999998      	  0.31559058777355931       0.31552787942955790        1.9874105614621319E-002
  0.41999999999999998      	   1.9999999999999997E-002 	   1.0335417087361715E-002   1.0329727795946195E-002   5.5076876447340564E-002
  0.41999999999999998      	   5.9999999999999991E-002 	   3.0965444727607580E-002   3.0948416671431708E-002   5.5020766834867736E-002
  0.41999999999999998      	  0.10000000000000001      	   5.1473214424334696E-002   5.1444966285301749E-002   5.4909432491973768E-002
  0.41999999999999998      	  0.14000000000000001      	   7.1777759088453325E-002   7.1738486120213163E-002   5.4744629227819676E-002
  0.42000000000000004      	  0.18000000000000002      	   9.1798916634867667E-002   9.1748886924604867E-002   5.4528956088494229E-002
  0.42000000000000004      	  0.22000000000000003      	  0.11145764738440497       0.11139719678838449        5.4265814368131188E-002
  0.42000000000000004      	  0.26000000000000001      	  0.13067634689419194       0.13060587280897856        5.3959353969061465E-002
  0.41999999999999998      	  0.30000000000000004      	  0.14937915295010629       0.14929910711774319        5.3614407954877194E-002
  0.41999999999999998      	  0.33999999999999997      	  0.16749224548412678       0.16740312605898802        5.3236416330333665E-002
  0.42000000000000004      	  0.38000000000000006      	  0.18494413821438760       0.18484648134089154        5.2831340249294340E-002
  0.42000000000000004      	  0.42000000000000004      	  0.20166596084612648       0.20156033200926701        5.2405568003634106E-002
  0.42000000000000004      	  0.45999999999999996      	  0.21759173071707305       0.21747871613135841        5.1965814275994074E-002
  0.41999999999999998      	  0.50000000000000000      	  0.23265861282067957       0.23253881111745381        5.1519014245431517E-002
  0.41999999999999998      	  0.54000000000000004      	  0.24680716719446860       0.24668118165294603        5.1072214215278106E-002
  0.42000000000000004      	  0.58000000000000007      	  0.25998158271816796       0.25985001426236598        5.0632460488971041E-002
  0.42000000000000004      	  0.61999999999999988      	  0.27212989642671859       0.27199333757967153        5.0206688245461900E-002
  0.41999999999999998      	  0.66000000000000003      	  0.28320419750621162       0.28306322745548623        4.9801612167216229E-002
  0.41999999999999998      	  0.69999999999999996      	  0.29316081520586890       0.29301599609182155        4.9423620545945839E-002
  0.42000000000000004      	  0.73999999999999999      	  0.30196048996591707       0.30181236445785758        4.9078674535272482E-002
  0.42000000000000004      	  0.78000000000000014      	  0.30956852712923066       0.30941761730633199        4.8772214139722242E-002
  0.41999999999999998      	  0.82000000000000006      	  0.31595493267361674       0.31580174017876123        4.8509072422716452E-002
  0.41999999999999998      	  0.85999999999999988      	  0.32109453047128222       0.32093953785879625        4.8293399286367569E-002
  0.41999999999999998      	  0.89999999999999991      	  0.32496706065214886       0.32481073380623043        4.8128596024689690E-002
  0.41999999999999998      	  0.93999999999999995      	  0.32755725871808694       0.32740005017924045        4.8017261683503364E-002
  0.41999999999999998      	  0.97999999999999998      	  0.32885491512567167       0.32869726812904820        4.7961152071872015E-002
  0.45999999999999996      	   1.9999999999999997E-002 	   1.0589438136257224E-002   1.0580686530822326E-002   8.2713020647609867E-002
  0.45999999999999996      	   5.9999999999999998E-002 	   3.1726504942669306E-002   3.1700302456585699E-002   8.2656896158930293E-002
  0.45999999999999996      	   9.9999999999999992E-002 	   5.2738308983913504E-002   5.2694811771043522E-002   8.2545532298275173E-002
  0.45999999999999996      	  0.13999999999999999      	   7.3541893184335821E-002   7.3481358737410574E-002   8.2380685340306181E-002
  0.46000000000000002      	  0.17999999999999999      	   9.4055125257406280E-002   9.3977908351280628E-002   8.2164955020090594E-002
  0.46000000000000002      	  0.22000000000000003      	  0.11419702290865277       0.11410357009531051        8.1901743533704899E-002
  0.46000000000000002      	  0.26000000000000001      	  0.13388807435468525       0.13377891717713677        8.1595201883671573E-002
  0.45999999999999996      	  0.29999999999999999      	  0.15305055286081448       0.15292629999063850        8.1250164414874634E-002
  0.45999999999999996      	  0.33999999999999997      	  0.17160882402968264       0.17147015256345802        8.0872072574439180E-002
  0.46000000000000002      	  0.38000000000000000      	  0.18948964460916240       0.18933729078137063        8.0466889096716704E-002
  0.46000000000000002      	  0.42000000000000010      	  0.20662245162916248       0.20645720121254943        8.0041003967175062E-002
  0.46000000000000002      	  0.46000000000000002      	  0.22293964072344380       0.22276231939186544        7.9601133648831715E-002
  0.45999999999999996      	  0.50000000000000000      	  0.23837683254363490       0.23818829646696496        7.9154215159385866E-002
  0.45999999999999996      	  0.54000000000000004      	  0.25287312622783054       0.25267425315379116        7.8707296670361263E-002
  0.46000000000000002      	  0.57999999999999996      	  0.26637133894496301       0.26616301999930508        7.8267426353394190E-002
  0.46000000000000002      	  0.62000000000000000      	  0.27881823059803745       0.27860136300319910        7.7841541226007741E-002
  0.45999999999999996      	  0.66000000000000003      	  0.29016471283383893       0.28994019370817498        7.7436357751052787E-002
  0.45999999999999996      	  0.69999999999999996      	  0.30036604157337765       0.30013476292965935        7.7058265913870702E-002
  0.46000000000000002      	  0.73999999999999999      	  0.30938199234571184       0.30914483736039067        7.6713228448550108E-002
  0.46000000000000002      	  0.78000000000000003      	  0.31717701777749030       0.31693485835290219        7.6406686802013304E-002
  0.45999999999999996      	  0.82000000000000006      	  0.32372038666124259       0.32347408225325858        7.6143475319042891E-002
  0.45999999999999996      	  0.85999999999999999      	  0.32898630409683105       0.32873670173221237        7.5927745001837105E-002
  0.45999999999999996      	  0.90000000000000002      	  0.33295401227232713       0.33270194763494237        7.5762898046310992E-002
  0.45999999999999996      	  0.93999999999999995      	  0.33560787152270177       0.33535417094741882        7.5651534187339581E-002
  0.45999999999999996      	  0.97999999999999998      	  0.33693742137700045       0.33668290455591310        7.5595409699538055E-002
  0.50000000000000000      	   2.0000000000000000E-002 	   1.0676502405916770E-002   1.0664781518511628E-002  0.10990274282503983     
  0.50000000000000000      	   5.9999999999999998E-002 	   3.1987354002667959E-002   3.1952255535156536E-002  0.10984660370158984     
  0.50000000000000000      	  0.10000000000000001      	   5.3171912949106573E-002   5.3113628596801188E-002  0.10973521080217669     
  0.50000000000000000      	  0.14000000000000001      	   7.4146540113242038E-002   7.4065386431683033E-002  0.10957032085947364     
  0.50000000000000000      	  0.17999999999999999      	   9.4828427933423859E-002   9.4724842023575437E-002  0.10935453428641377     
  0.50000000000000000      	  0.22000000000000000      	  0.11513592829501704       0.11501046193966462       0.10909125416628569     
  0.50000000000000000      	  0.26000000000000001      	  0.13498887568465895       0.13484218810576007       0.10878463258385353     
  0.50000000000000000      	  0.30000000000000004      	  0.15430890431393562       0.15414175375893796       0.10843950514477098     
  0.50000000000000000      	  0.33999999999999997      	  0.17301975793447172       0.17283299233069813       0.10806131471486378     
  0.50000000000000000      	  0.38000000000000000      	  0.19104759110256631       0.19084213804161243       0.10765602558334202     
  0.50000000000000000      	  0.42000000000000004      	  0.20832126069322293       0.20809811702115596       0.10723002940208300     
  0.50000000000000000      	  0.46000000000000002      	  0.22477260651027436       0.22453282780380335       0.10679004438519570     
  0.50000000000000000      	  0.50000000000000000      	  0.24033671989080735       0.24008141009440068       0.10634300935931834     
  0.50000000000000000      	  0.54000000000000004      	  0.25495219925773738       0.25468250074211851       0.10589597433392250     
  0.50000000000000000      	  0.58000000000000007      	  0.26856139163367621       0.26827847591277409       0.10545598931838848     
  0.50000000000000000      	  0.62000000000000000      	  0.28111061919164526       0.28081567850377898       0.10502999313918869     
  0.50000000000000000      	  0.66000000000000003      	  0.29255038998323335       0.29224462990420963       0.10462470401045201     
  0.50000000000000000      	  0.69999999999999996      	  0.30283559205200361       0.30252022526427969       0.10424651358381837     
  0.50000000000000000      	  0.73999999999999999      	  0.31192567020889228       0.31160191150357597       0.10390138614813896     
  0.50000000000000000      	  0.78000000000000003      	  0.31978478481661510       0.31945384735553983       0.10359476456921303     
  0.50000000000000000      	  0.82000000000000006      	  0.32638195200136444       0.32604504481657171       0.10333148445248516     
  0.50000000000000000      	  0.85999999999999999      	  0.33169116478205463       0.33134949144152470       0.10311569788246426     
  0.50000000000000000      	  0.90000000000000013      	  0.33569149467981163       0.33534625300294119       0.10295080794220675     
  0.50000000000000000      	  0.94000000000000006      	  0.33836717344312339       0.33801955610888501       0.10283941504449665     
  0.50000000000000000      	  0.97999999999999998      	  0.33970765459693986       0.33935885045331293       0.10278327592193165     
  0.54000000000000004      	   2.0000000000000000E-002 	   1.0595143115829452E-002   1.0580686530822326E-002  0.13663182407882954     
  0.54000000000000004      	   5.9999999999999998E-002 	   3.1743597357238418E-002   3.1700302456585699E-002  0.13657567056974210     
  0.54000000000000004      	  0.10000000000000001      	   5.2766721350255244E-002   5.2694811771043522E-002  0.13646424912601632     
  0.54000000000000004      	  0.14000000000000001      	   7.3581513327440923E-002   7.3481358737410588E-002  0.13629931693049227     
  0.54000000000000004      	  0.17999999999999999      	   9.4105796754755972E-002   9.3977908351280628E-002  0.13608347506236054     
  0.54000000000000004      	  0.22000000000000000      	  0.11425854570966970       0.11410357009531048       0.13582012747696420     
  0.54000000000000004      	  0.26000000000000001      	  0.13396020557283916       0.13377891717713677       0.13551342732304006     
  0.54000000000000004      	  0.30000000000000004      	  0.15313300773516553       0.15292629999063853       0.13516821144541505     
  0.54000000000000004      	  0.33999999999999997      	  0.17170127705196042       0.17147015256345802       0.13478992410464521     
  0.54000000000000004      	  0.38000000000000000      	  0.18959173081181918       0.18933729078137063       0.13438453111825660     
  0.54000000000000004      	  0.42000000000000004      	  0.20673376802919469       0.20645720121254937       0.13395842577589967     
  0.54000000000000004      	  0.45999999999999996      	  0.22305974791616112       0.22276231939186544       0.13351832801330574     
  0.54000000000000004      	  0.50000000000000000      	  0.23850525643996834       0.23818829646696496       0.13307117843522509     
  0.54000000000000004      	  0.54000000000000004      	  0.25300935992820950       0.25267425315379116       0.13262402885757127     
  0.54000000000000004      	  0.58000000000000007      	  0.26651484474226494       0.26616301999930514       0.13218393109633481     
  0.54000000000000004      	  0.62000000000000000      	  0.27896844210161875       0.27860136300319910       0.13175782575602066     
  0.54000000000000004      	  0.66000000000000014      	  0.29032103720619573       0.28994019370817498       0.13135243277242017     
  0.54000000000000004      	  0.70000000000000018      	  0.30052786187055947       0.30013476292965946       0.13097414543484026     
  0.54000000000000004      	  0.73999999999999999      	  0.30954866995222652       0.30914483736039067       0.13062892956063712     
  0.54000000000000004      	  0.78000000000000003      	  0.31734789492608606       0.31693485835290219       0.13032222941029636     
  0.54000000000000004      	  0.82000000000000017      	  0.32389478902764146       0.32347408225325863       0.13005888182826444     
  0.54000000000000004      	  0.85999999999999999      	  0.32916354345921617       0.32873670173221237       0.12984303996318161     
  0.54000000000000004      	  0.90000000000000002      	  0.33313338922514935       0.33270194763494237       0.12967810777001254     
  0.54000000000000004      	  0.94000000000000006      	  0.33578867823417835       0.33535417094741882       0.12956668632806750     
  0.54000000000000004      	  0.97999999999999998      	  0.33711894437951695       0.33668290455591310       0.12951053281989183     
  0.58000000000000007      	   2.0000000000000000E-002 	   1.0346550257755931E-002   1.0329727795946195E-002  0.16285484130896241     
  0.58000000000000007      	   5.9999999999999998E-002 	   3.0998800283300279E-002   3.0948416671431712E-002  0.16279867368813117     
  0.58000000000000007      	  0.10000000000000001      	   5.1528660672964216E-002   5.1444966285301749E-002  0.16268722424331536     
  0.58000000000000007      	  0.14000000000000001      	   7.1855077122401356E-002   7.1738486120213163E-002  0.16252225059896044     
  0.58000000000000007      	  0.17999999999999999      	   9.1897801198255608E-002   9.1748886924604867E-002  0.16230635448810626     
  0.58000000000000007      	  0.22000000000000000      	  0.11157770808194162       0.11139719678838446       0.16204294072145015     
  0.58000000000000007      	  0.26000000000000001      	  0.13081710973695421       0.13060587280897856       0.16173616349135775     
  0.58000000000000007      	  0.30000000000000004      	  0.14954006223197425       0.14929910711774319       0.16139086085828327     
  0.58000000000000007      	  0.33999999999999997      	  0.16767266598126002       0.16740312605898802       0.16101247845097946     
  0.58000000000000007      	  0.38000000000000000      	  0.18514335769883833       0.18484648134089154       0.16060698358617342     
  0.58000000000000007      	  0.42000000000000004      	  0.20188319290343243       0.20156033200926701       0.16018077116015692     
  0.58000000000000007      	  0.45999999999999996      	  0.21782611785647166       0.21747871613135841       0.15974056279760809     
  0.58000000000000007      	  0.50000000000000000      	  0.23290922986543394       0.23253881111745381       0.15929330084733145     
  0.58000000000000007      	  0.54000000000000004      	  0.24707302493870731       0.24668118165294603       0.15884603889751106     
  0.58000000000000007      	  0.58000000000000007      	  0.26026163183560680       0.25985001426236598       0.15840583053623231     
  0.58000000000000007      	  0.62000000000000000      	  0.27242303161567094       0.27199333757967159       0.15797961811233180     
  0.58000000000000007      	  0.66000000000000003      	  0.28350926185439307       0.28306322745548623       0.15757412325024742     
  0.58000000000000007      	  0.69999999999999996      	  0.29347660475767590       0.29301599609182155       0.15719574084617741     
  0.58000000000000007      	  0.73999999999999999      	  0.30228575847410155       0.30181236445785758       0.15685043821657846     
  0.58000000000000007      	  0.78000000000000003      	  0.30990199097221138       0.30941761730633194       0.15654366099002756     
  0.58000000000000007      	  0.82000000000000006      	  0.31629527591905870       0.31580174017876123       0.15628024722666534     
  0.58000000000000007      	  0.85999999999999999      	  0.32144041006603929       0.32093953785879625       0.15606435111881115     
  0.58000000000000007      	  0.89999999999999991      	  0.32531711171821265       0.32481073380623043       0.15589937747694627     
  0.58000000000000007      	  0.93999999999999995      	  0.32791009993379661       0.32740005017924045       0.15578792803388919     
  0.58000000000000007      	  0.97999999999999998      	  0.32920915417113805       0.32869726812904820       0.15573176041392578     
  0.61999999999999988      	   2.0000000000000000E-002 	   9.9345523468044351E-003   9.9158630830477115E-003  0.18847843702758482     
  0.62000000000000000      	   5.9999999999999998E-002 	   2.9764433210336810E-002   2.9708455867681272E-002  0.18842225561926212     
  0.62000000000000011      	  0.10000000000000001      	   4.9476797973451170E-002   4.9383802949507546E-002  0.18831077881690497     
  0.62000000000000000      	  0.14000000000000001      	   6.8993819901041697E-002   6.8864254722405621E-002  0.18814576467625821     
  0.62000000000000000      	  0.17999999999999999      	   8.8238446039311358E-002   8.8072930742999711E-002  0.18792981556912988     
  0.62000000000000000      	  0.22000000000000000      	  0.10713470230703620       0.10693402314264587       0.18766633714195124     
  0.62000000000000000      	  0.26000000000000001      	  0.12560799419259500       0.12537309580645614       0.18735948460703009     
  0.62000000000000000      	  0.30000000000000004      	  0.14358540183951157       0.14331737813863751       0.18701409721212431     
  0.62000000000000000      	  0.33999999999999997      	  0.16099596833131874       0.16069605225478761       0.18663562192280958     
  0.62000000000000000      	  0.38000000000000000      	  0.17777098002017860       0.17744053246773098       0.18623002752075349     
  0.62000000000000011      	  0.42000000000000004      	  0.19384423778251009       0.19348473596389248       0.18580371047186459     
  0.62000000000000011      	  0.46000000000000002      	  0.20915231812847468       0.20876534360197213       0.18536339405085650     
  0.62000000000000000      	  0.50000000000000000      	  0.22363482314008731       0.22322204980466800       0.18491602231074786     
  0.62000000000000000      	  0.54000000000000004      	  0.23723461826450859       0.23679780055723892       0.18446865057096576     
  0.62000000000000000      	  0.58000000000000007      	  0.24989805704423929       0.24943901857363496       0.18402833415126632     
  0.62000000000000000      	  0.62000000000000000      	  0.26157519192400958       0.26109581474156857       0.18360201710452353     
  0.62000000000000000      	  0.66000000000000003      	  0.27221997033468703       0.27172218501204859       0.18319642270518754     
  0.62000000000000000      	  0.69999999999999996      	  0.28179041531705740       0.28127619195634418       0.18281794741910756     
  0.62000000000000000      	  0.73999999999999999      	  0.29024879001248294       0.28972013027385679       0.18247256002764931     
  0.62000000000000000      	  0.78000000000000003      	  0.29756174541282820       0.29702067559771567       0.18216570749618866     
  0.62000000000000000      	  0.81999999999999995      	  0.30370045082836405       0.30314901601082950       0.18190222907233791     
  0.62000000000000000      	  0.85999999999999999      	  0.30864070659932741       0.30808096575336003       0.18168627996819950     
  0.62000000000000000      	  0.90000000000000013      	  0.31236303864422144       0.31179706067286717       0.18152126583004763     
  0.62000000000000000      	  0.93999999999999995      	  0.31485277450560856       0.31428263504042570       0.18140978902939564     
  0.62000000000000000      	  0.97999999999999998      	  0.31610010062195626       0.31552787942955790       0.18135360762189262     
  0.66000000000000003      	   2.0000000000000000E-002 	   9.3655566190506516E-003   9.3456192858800795E-003  0.21333346202851028     
  0.66000000000000003      	   5.9999999999999998E-002 	   2.8059692549367958E-002   2.7999974967926184E-002  0.21327726724820345     
  0.66000000000000003      	  0.10000000000000001      	   4.6643043046277338E-002   4.6543827540745659E-002  0.21316576391321265     
  0.66000000000000003      	  0.14000000000000001      	   6.5042238856111156E-002   6.4903992890113976E-002  0.21300071049748542     
  0.66000000000000003      	  0.17999999999999999      	   8.3184640188604470E-002   8.3008011831358822E-002  0.21278470999219989     
  0.66000000000000003      	  0.22000000000000000      	  0.10099862433422346       0.10078443607265863       0.21252116885430050     
  0.66000000000000003      	  0.26000000000000001      	  0.11841386913893812       0.11816311018880873       0.21221424328515273     
  0.65999999999999992      	  0.30000000000000004      	  0.13536163118890365       0.13507544849263367       0.21186877368435242     
  0.66000000000000003      	  0.33999999999999997      	  0.15177501758397083       0.15145470571136060       0.21149020831394169     
  0.66000000000000003      	  0.38000000000000000      	  0.16758925021064375       0.16723624039971810       0.21108451737608092     
  0.66000000000000014      	  0.42000000000000004      	  0.18274192146169838       0.18235777005018858       0.21065809885922129     
  0.66000000000000014      	  0.46000000000000002      	  0.19717324039077494       0.19675961689361141       0.21021767763818225     
  0.66000000000000003      	  0.50000000000000000      	  0.21082626833543294       0.21038494342007355       0.20977019941878788     
  0.66000000000000003      	  0.54000000000000004      	  0.22364714309097644       0.22317997669059467       0.20932272119977413     
  0.66000000000000003      	  0.58000000000000007      	  0.23558529076936469       0.23509422055435064       0.20888229998002678     
  0.66000000000000003      	  0.62000000000000000      	  0.24659362453226957       0.24608065493391146       0.20845588146531896     
  0.66000000000000003      	  0.66000000000000003      	  0.25662872944440152       0.25609592139200549       0.20805019053015666     
  0.66000000000000003      	  0.69999999999999996      	  0.26565103275218138       0.26510049424746263       0.20767162516296422     
  0.66000000000000003      	  0.73999999999999999      	  0.27362495895330285       0.27305883656502045       0.20732615556559880     
  0.66000000000000003      	  0.78000000000000003      	  0.28051906908438073       0.27993954040337227       0.20701922999995268     
  0.66000000000000003      	  0.81999999999999995      	  0.28630618371639294       0.28571545076796268       0.20675568886542711     
  0.66000000000000003      	  0.85999999999999999      	  0.29096348921076287       0.29036377277934511       0.20653968836308745     
  0.66000000000000003      	  0.90000000000000002      	  0.29447262685247044       0.29386616163415691       0.20637463494981834     
  0.66000000000000003      	  0.93999999999999995      	  0.29681976454037529       0.29620879500367747       0.20626313161640888     
  0.66000000000000003      	  0.97999999999999998      	  0.29799565077885803       0.29738242758424460       0.20620693683715199     
  0.69999999999999996      	   2.0000000000000000E-002 	   8.6484486634158149E-003   8.6279894897717639E-003  0.23712562084486477     
  0.69999999999999996      	   5.9999999999999998E-002 	   2.5911199984860862E-002   2.5849917736552618E-002  0.23706941326776343     
  0.69999999999999996      	  0.10000000000000001      	   4.3071648563548393E-002   4.2969828167731351E-002  0.23695788454072628     
  0.69999999999999996      	  0.14000000000000001      	   6.0062042930217566E-002   5.9920156318179214E-002  0.23679279353833108     
  0.69999999999999996      	  0.17999999999999999      	   7.6815305224961022E-002   7.6634006986554704E-002  0.23657674384444927     
  0.69999999999999996      	  0.22000000000000000      	   9.3265296792075736E-002   9.3045418240101763E-002  0.23631314269186388     
  0.69999999999999996      	  0.26000000000000001      	  0.10934707994954884       0.10908962173626328       0.23600614722818714     
  0.69999999999999996      	  0.30000000000000004      	  0.12499717487350992       0.12470329833373925       0.23566059895559391     
  0.69999999999999996      	  0.33999999999999997      	  0.14015381056240700       0.13982482798420973       0.23528194737663111     
  0.69999999999999996      	  0.38000000000000000      	  0.15475716887494073       0.15439453291851410       0.23487616405305189     
  0.69999999999999996      	  0.42000000000000004      	  0.16874962066957810       0.16835491316754167       0.23444964843029767     
  0.69999999999999996      	  0.45999999999999996      	  0.18207595311142355       0.18165087348834061       0.23400912691467199     
  0.69999999999999996      	  0.50000000000000000      	  0.19468358725393958       0.19422994079987116       0.23356154679357483     
  0.69999999999999996      	  0.54000000000000004      	  0.20652278504809296       0.20604247127028399       0.23311396667286929     
  0.69999999999999996      	  0.58000000000000007      	  0.21754684497952270       0.21704184623844416       0.23267344515847055     
  0.69999999999999996      	  0.62000000000000000      	  0.22771228558488615       0.22718465619648875       0.23224692953782061     
  0.69999999999999996      	  0.66000000000000003      	  0.23697901615122696       0.23643087210732253       0.23184114621698737     
  0.69999999999999996      	  0.69999999999999996      	  0.24531049395664983       0.24474400338093957       0.23146249464119772     
  0.69999999999999996      	  0.73999999999999999      	  0.25267386746642984       0.25209124188611143       0.23111694637198998     
  0.69999999999999996      	  0.78000000000000003      	  0.25904010495560470       0.25844359142909207       0.23080995091197476     
  0.69999999999999996      	  0.82000000000000006      	  0.26438410808683388       0.26377598218834791       0.23054634976270810     
  0.69999999999999996      	  0.85999999999999999      	  0.26868481003060751       0.26806736965368966       0.23033030007177396     
  0.69999999999999996      	  0.89999999999999991      	  0.27192525777356535       0.27130081767934011       0.23016520907183188     
  0.69999999999999996      	  0.93999999999999995      	  0.27409267831959661       0.27346356532316402       0.23005368034646209     
  0.69999999999999996      	  0.97999999999999998      	  0.27517852854742020       0.27454707720827648       0.22999747277028471     
  0.73999999999999999      	   2.0000000000000000E-002 	   7.7944469702094510E-003   7.7742911452986585E-003  0.25926254283622074     
  0.73999999999999999      	   5.9999999999999998E-002 	   2.3352566694632079E-002   2.3292191860481256E-002  0.25920632335704885     
  0.73999999999999999      	  0.10000000000000001      	   3.8818485686725093E-002   3.8718168935580805E-002  0.25909477101356598     
  0.73999999999999999      	  0.14000000000000001      	   5.4131142679553670E-002   5.3991343086540418E-002  0.25892964505286298     
  0.73999999999999999      	  0.17999999999999999      	   6.9230083499130263E-002   6.9051438072635821E-002  0.25871354960996368     
  0.73999999999999999      	  0.22000000000000000      	   8.4055700432767833E-002   8.3839018579259808E-002  0.25844989263940105     
  0.73999999999999999      	  0.26000000000000001      	   9.8549468149808722E-002   9.8295724781955696E-002  0.25814283216883771     
  0.74000000000000010      	  0.30000000000000004      	  0.11265417521970095       0.11236450266598222       0.25779721072571904     
  0.73999999999999999      	  0.33999999999999997      	  0.12631415029440413       0.12598982919244436       0.25741847896656417     
  0.73999999999999999      	  0.38000000000000000      	  0.13947548204849547       0.13911793142236176       0.25701260971757084     
  0.73999999999999999      	  0.42000000000000004      	  0.15208623200079679       0.15169699873389236       0.25658600377930141     
  0.73999999999999999      	  0.45999999999999996      	  0.16409663937555002       0.16367738729518669       0.25614538898230876     
  0.73999999999999999      	  0.50000000000000000      	  0.17545931719876734       0.17501181598591226       0.25569771408526254     
  0.73999999999999999      	  0.54000000000000004      	  0.18612943886600825       0.18565555299423475       0.25525003918854489     
  0.73999999999999999      	  0.58000000000000007      	  0.19606491446112218       0.19556659235284313       0.25480942439287907     
  0.73999999999999999      	  0.62000000000000000      	  0.20522655615105395       0.20470581971731211       0.25438281845672550     
  0.73999999999999999      	  0.66000000000000003      	  0.21357823202930182       0.21303716673255008       0.25397694921046460     
  0.73999999999999999      	  0.69999999999999996      	  0.22108700782967755       0.22052775337811817       0.25359821745450845     
  0.73999999999999999      	  0.73999999999999999      	  0.22772327598234893       0.22714801773064996       0.25325259601477057     
  0.73999999999999999      	  0.78000000000000003      	  0.23346087153544609       0.23287183263125699       0.25294553554779536     
  0.73999999999999999      	  0.81999999999999995      	  0.23827717451754477       0.23767660879748892       0.25268187858046831     
  0.73999999999999999      	  0.85999999999999988      	  0.24215319836888261       0.24154338397291100       0.25246578314063589     
  0.73999999999999999      	  0.89999999999999991      	  0.24507366412204967       0.24445689776246746       0.25230065718231937     
  0.73999999999999999      	  0.93999999999999995      	  0.24702706006598663       0.24640565185828872       0.25218910484053542     
  0.73999999999999999      	  0.97999999999999998      	  0.24800568668032130       0.24738195541825958       0.25213288536229411     
  0.78000000000000003      	   2.0000000000000000E-002 	   6.8169501958203899E-003   6.7979875853277725E-003  0.27894447076580037     
  0.78000000000000003      	   5.9999999999999998E-002 	   2.0423935746955647E-002   2.0367134204689139E-002  0.27888824071002932     
  0.78000000000000003      	  0.10000000000000001      	   3.3950283402862380E-002   3.3855901050203120E-002  0.27877666738009821     
  0.78000000000000003      	  0.14000000000000001      	   4.7342589552504075E-002   4.7211054121561881E-002  0.27861151035413939     
  0.78000000000000003      	  0.17999999999999999      	   6.0547981542622573E-002   6.0379886730981810E-002  0.27839537425715338     
  0.78000000000000003      	  0.22000000000000000      	   7.3514327027047854E-002   7.3310427512420867E-002  0.27813166768457454     
  0.78000000000000003      	  0.26000000000000001      	   8.6190440300749321E-002   8.5951645528816900E-002  0.27782454944665469     
  0.78000000000000014      	  0.30000000000000004      	   9.8526284783368223E-002   9.8253651667882302E-002  0.27747886298157870     
  0.78000000000000003      	  0.33999999999999997      	  0.11047317083622563       0.11016789553163832       0.27710005997131681     
  0.78000000000000003      	  0.38000000000000000      	  0.12198394811987351       0.12164735704265481       0.27669411436590235     
  0.78000000000000003      	  0.42000000000000004      	  0.13301319172589282       0.13264673201081498       0.27626742817000982     
  0.78000000000000003      	  0.46000000000000002      	  0.14351738134655684       0.14312261092825590       0.27582673047994322     
  0.78000000000000003      	  0.50000000000000000      	  0.15345507277886117       0.15303365028686425       0.27537897136149875     
  0.78000000000000003      	  0.54000000000000004      	  0.16278706109495594       0.16234073574221483       0.27493121224351441     
  0.78000000000000003      	  0.58000000000000007      	  0.17147653484886749       0.17100713648001822       0.27449051455470369     
  0.78000000000000003      	  0.62000000000000000      	  0.17948922072925050       0.17899865017586417       0.27406382836091359     
  0.78000000000000003      	  0.66000000000000003      	  0.18679351810943906       0.18628373797617057       0.27365788275823943     
  0.78000000000000003      	  0.69999999999999996      	  0.19336062298897905       0.19283364896762956       0.27327907975124860     
  0.78000000000000003      	  0.73999999999999999      	  0.19916464086483965       0.19862253364392760       0.27293339328955146     
  0.78000000000000003      	  0.78000000000000003      	  0.20418268811537033       0.20362754592193716       0.27262627505513753     
  0.78000000000000003      	  0.81999999999999995      	  0.20839498152557512       0.20782893330476956       0.27236256848582086     
  0.78000000000000003      	  0.86000000000000010      	  0.21178491562823260       0.21121011483585606       0.27214643239186326     
  0.78000000000000003      	  0.90000000000000013      	  0.21433912758163670       0.21375774653640836       0.27198127536833705     
  0.78000000000000003      	  0.94000000000000006      	  0.21604754935117571       0.21546177406800660       0.27186970204014960     
  0.78000000000000003      	  0.97999999999999998      	  0.21690344700848552       0.21631547241247973       0.27181347198531225     
  0.81999999999999995      	   2.0000000000000000E-002 	   5.7313656300306756E-003   5.7144757002153259E-003  0.29556394499522076     
  0.82000000000000006      	   5.9999999999999998E-002 	   1.7171468179756559E-002   1.7120874675752833E-002  0.29550770601327964     
  0.82000000000000006      	  0.10000000000000001      	   2.8543774244755779E-002   2.8459705380728763E-002  0.29539611497153001     
  0.81999999999999995      	  0.14000000000000001      	   3.9803384623600044E-002   3.9686218630569613E-002  0.29523093172746917     
  0.82000000000000006      	  0.17999999999999999      	   5.0905846518749492E-002   5.0756108506384200E-002  0.29501476131973048     
  0.82000000000000006      	  0.22000000000000000      	   6.1807329547433537E-002   6.1625687210184375E-002  0.29475101288467792     
  0.82000000000000006      	  0.26000000000000001      	   7.2464799217447223E-002   7.2252057480664392E-002  0.29444384589292022     
  0.82000000000000006      	  0.30000000000000004      	   8.2836187165616054E-002   8.2593281889093442E-002  0.29409810455139201     
  0.81999999999999995      	  0.33999999999999997      	   9.2880557472871494E-002   9.2608548347187541E-002  0.29371924140760347     
  0.82000000000000006      	  0.38000000000000000      	  0.10255826838927695       0.10225833117377643       0.29331323135990850     
  0.82000000000000006      	  0.42000000000000004      	  0.11183112882473972       0.11150454708461018       0.29288647742924384     
  0.82000000000000006      	  0.46000000000000002      	  0.12066254898629353       0.12031070548968290       0.29244570978000289     
  0.81999999999999995      	  0.50000000000000000      	  0.12901768457048540       0.12864205250492092       0.29199787958149703     
  0.81999999999999995      	  0.54000000000000004      	  0.13686357394927118       0.13646570810988540       0.29155004938340218     
  0.82000000000000006      	  0.58000000000000007      	  0.14416926781965500       0.14375079591019166       0.29110928173558215     
  0.82000000000000006      	  0.62000000000000000      	  0.15090595082080743       0.15046856499253219       0.29068252780701814     
  0.81999999999999995      	  0.66000000000000003      	  0.15704705465731655       0.15659250339139577       0.29027651776193453     
  0.82000000000000006      	  0.69999999999999996      	  0.16256836230330524       0.16209844271968307       0.28989765462139316     
  0.82000000000000006      	  0.73999999999999999      	  0.16744810289915174       0.16696465355029008       0.28955191328327634     
  0.81999999999999995      	  0.78000000000000003      	  0.17166703699027602       0.17117193117222862       0.28924474629502256     
  0.81999999999999995      	  0.82000000000000006      	  0.17520853179571316       0.17470367138284706       0.28898099786337234     
  0.81999999999999995      	  0.86000000000000010      	  0.17805862623283203       0.17754593601703278       0.28876482745854853     
  0.81999999999999995      	  0.90000000000000013      	  0.18020608546344158       0.17968750795478183       0.28859964421691736     
  0.81999999999999995      	  0.94000000000000017      	  0.18164244476556907       0.18111993539004709       0.28848805317688508     
  0.81999999999999995      	  0.97999999999999998      	  0.18236204257431127       0.18183756518615540       0.28843181419578101     
  0.85999999999999988      	   2.0000000000000000E-002 	   4.5548669087202114E-003   4.5408431196481630E-003  0.30883667861960656     
  0.85999999999999999      	   5.9999999999999998E-002 	   1.3646617095329737E-002   1.3604608725665128E-002  0.30878043251152398     
  0.85999999999999999      	  0.10000000000000001      	   2.2684487633699749E-002   2.2614683156396403E-002  0.30866882733045126     
  0.85999999999999988      	  0.14000000000000001      	   3.1632795948409273E-002   3.1535507764375359E-002  0.30850362315655289     
  0.86000000000000010      	  0.17999999999999999      	   4.0456214232932511E-002   4.0331876130411358E-002  0.30828742535832226     
  0.86000000000000010      	  0.22000000000000000      	   4.9119909330109429E-002   4.8969073007242132E-002  0.30802364350452238     
  0.86000000000000010      	  0.26000000000000001      	   5.7589680597917803E-002   5.7413011324754758E-002  0.30771643759238010     
  0.85999999999999999      	  0.30000000000000004      	   6.5832095202454338E-002   6.5630366716078511E-002  0.30737065244282130     
  0.85999999999999988      	  0.33999999999999997      	   7.3814620292894761E-002   7.3588709033636318E-002  0.30699174129441875     
  0.86000000000000010      	  0.38000000000000000      	   8.1505751528621911E-002   8.1256630336121516E-002  0.30658567980224521     
  0.86000000000000010      	  0.41999999999999993      	   8.8875137446507796E-002   8.8603868841293329E-002  0.30615887179865869     
  0.86000000000000010      	  0.45999999999999996      	   9.5893699176321845E-002   9.5601428355405790E-002  0.30571804830103055     
  0.85999999999999999      	  0.50000000000000000      	  0.10253374503421112       0.10222169270793764       0.30527016135905016     
  0.85999999999999999      	  0.54000000000000004      	  0.10876907954793993       0.10843853474000036       0.30482227441759080     
  0.86000000000000010      	  0.58000000000000007      	  0.11457510649286759       0.11422741941629828       0.30438145092131602     
  0.86000000000000010      	  0.62000000000000000      	  0.11992892554427143       0.11956550065370417       0.30395464291981861     
  0.85999999999999999      	  0.66000000000000003      	  0.12480942217937130       0.12443171148431126       0.30354858143027597     
  0.85999999999999999      	  0.69999999999999996      	  0.12919735049108327       0.12880684719713123       0.30316967028499775     
  0.86000000000000010      	  0.73999999999999999      	  0.13307540860494121       0.13267364113031499       0.30282388513902292     
  0.85999999999999999      	  0.78000000000000003      	  0.13642830642060422       0.13601683281477867       0.30251667923034009     
  0.85999999999999988      	  0.81999999999999995      	  0.13924282542977401       0.13882322820030232       0.30225289737987210     
  0.85999999999999988      	  0.85999999999999988      	  0.14150787039305029       0.14108175172641954       0.30203669958469687     
  0.85999999999999999      	  0.90000000000000002      	  0.14321451268915858       0.14278349003259400       0.30187149541322433     
  0.85999999999999988      	  0.94000000000000006      	  0.14435602518100693       0.14392172713518145       0.30175989023363964     
  0.85999999999999999      	  0.97999999999999998      	  0.14492790847412240       0.14449197093234908       0.30170364412665068     
  0.90000000000000002      	   2.0000000000000000E-002 	   3.3061021345630595E-003   3.2955987305159523E-003  0.31871004045030771     
  0.89999999999999991      	   5.9999999999999998E-002 	   9.9052531748326476E-003   9.8737899689743669E-003  0.31865378904296227     
  0.90000000000000002      	  0.10000000000000001      	   1.6465296240421833E-002   1.6413013869330764E-002  0.31854217334674140     
  0.89999999999999991      	  0.14000000000000001      	   2.2960331510121008E-002   2.2887463102337743E-002  0.31837695360750967     
  0.90000000000000013      	  0.17999999999999999      	   2.9364716667979178E-002   2.9271585974766961E-002  0.31816073543981771     
  0.90000000000000013      	  0.22000000000000000      	   3.5653168434067545E-002   3.5540187270269412E-002  0.31789692873297132     
  0.90000000000000002      	  0.26000000000000001      	   4.1800862632895744E-002   4.1668527683383270E-002  0.31758969387643243     
  0.89999999999999991      	  0.30000000000000004      	   4.7783532394394868E-002   4.7632421454270345E-002  0.31724387614767252     
  0.89999999999999991      	  0.33999999999999997      	   5.3577564091718322E-002   5.3408331818860767E-002  0.31686492929889859     
  0.90000000000000013      	  0.38000000000000000      	   5.9160090631302800E-002   5.8973463897707828E-002  0.31645882954863280     
  0.90000000000000013      	  0.42000000000000004      	   6.4509081723548550E-002   6.4305854656963632E-002  0.31603198133206228     
  0.90000000000000013      	  0.45999999999999996      	   6.9603430776987080E-002   6.9384459586438865E-002  0.31559111630093634     
  0.90000000000000002      	  0.50000000000000000      	   7.4423038074751424E-002   7.4189235752670876E-002  0.31514318715991207     
  0.90000000000000013      	  0.54000000000000004      	   7.8948889909398079E-002   7.8701220899224711E-002  0.31469525801957143     
  0.90000000000000013      	  0.58000000000000007      	   8.3163133370486531E-002   8.2902608282057089E-002  0.31425439298974178     
  0.90000000000000013      	  0.62000000000000000      	   8.7049146498650642E-002   8.6776816944599211E-002  0.31382754477534519     
  0.89999999999999991      	  0.66000000000000003      	   9.0591603540037147E-002   9.0308557155217878E-002  0.31342144502738839     
  0.90000000000000002      	  0.69999999999999996      	   9.3776535055797472E-002   9.3483890748799772E-002  0.31304249818192015     
  0.90000000000000002      	  0.73999999999999999      	   9.6591382662667730E-002   9.6290286134323444E-002  0.31269668045669813     
  0.90000000000000002      	  0.78000000000000003      	   9.9025048202429050E-002   9.8716667751322193E-002  0.31238944560375603     
  0.90000000000000002      	  0.82000000000000006      	  0.10106793716011467       0.10075345978006206       0.31212563890023293     
  0.90000000000000002      	  0.85999999999999999      	  0.10271199617311230       0.10239262393292736       0.31190942073537015     
  0.89999999999999991      	  0.89999999999999991      	  0.10395074449574551       0.10362769117786975       0.31174420099861005     
  0.89999999999999991      	  0.93999999999999995      	  0.10477929930643509       0.10445378726872172       0.31163258530391980     
  0.90000000000000002      	  0.97999999999999998      	  0.10519439476710887       0.10486765198162007       0.31157633389757922     
  0.93999999999999995      	   2.0000000000000000E-002 	   2.0048802087844642E-003   1.9983807807082534E-003  0.32523471697457806     
  0.93999999999999995      	   5.9999999999999998E-002 	   6.0067249119867498E-003   5.9872556461566390E-003  0.32517846206564716     
  0.93999999999999995      	  0.10000000000000001      	   9.9848538311149253E-003   9.9525015488865637E-003  0.32506683942170300     
  0.93999999999999995      	  0.14000000000000001      	   1.3923560845552164E-002   1.3878469474868486E-002  0.32490160939815060     
  0.94000000000000006      	  0.17999999999999999      	   1.7807295990532247E-002   1.7749665422302646E-002  0.32468537777161882     
  0.94000000000000006      	  0.22000000000000000      	   2.1620727027232590E-002   2.1550811549365795E-002  0.32442155464373912     
  0.93999999999999995      	  0.26000000000000001      	   2.5348800126073635E-002   2.5266906468872929E-002  0.32411430066278152     
  0.93999999999999995      	  0.30000000000000004      	   2.8976799417572974E-002   2.8883284451898913E-002  0.32376846140817916     
  0.93999999999999995      	  0.33999999999999997      	   3.2490405170764930E-002   3.2385673306710744E-002  0.32338949097125691     
  0.93999999999999995      	  0.38000000000000000      	   3.5875750365982881E-002   3.5760250704587729E-002  0.32298336594249433     
  0.94000000000000006      	  0.41999999999999998      	   3.9119475436634438E-002   3.8993698730238141E-002  0.32255649115625340     
  0.94000000000000006      	  0.45999999999999996      	   4.2208780963398765E-002   4.2073256441526791E-002  0.32211559868280104     
  0.93999999999999995      	  0.50000000000000000      	   4.5131478113944523E-002   4.4986770231083342E-002  0.32166764165967132     
  0.94000000000000006      	  0.54000000000000004      	   4.7876036631719424E-002   4.7722741791037929E-002  0.32121968463740458     
  0.94000000000000006      	  0.58000000000000007      	   5.0431630188493518E-002   5.0270373491590241E-002  0.32077879216523703     
  0.93999999999999995      	  0.62000000000000000      	   5.2788178927059060E-002   5.2619610994320415E-002  0.32035191738083990     
  0.93999999999999995      	  0.66000000000000003      	   5.4936389032704300E-002   5.4761182932069476E-002  0.31994579235471393     
  0.93999999999999995      	  0.69999999999999996      	   5.6867789184699175E-002   5.6686637498790375E-002  0.31956682192106561     
  0.93999999999999995      	  0.73999999999999999      	   5.8574763751974415E-002   5.8388375804964809E-002  0.31922098266990517     
  0.93999999999999995      	  0.78000000000000003      	   6.0050582610374006E-002   5.9859681866948580E-002  0.31891372869262058     
  0.93999999999999995      	  0.82000000000000006      	   6.1289427472242919E-002   6.1094749111890834E-002  0.31864990556806305     
  0.93999999999999995      	  0.85999999999999988      	   6.2286414632626602E-002   6.2088703293624321E-002  0.31843367394432787     
  0.93999999999999995      	  0.89999999999999991      	   6.3037614049963830E-002   6.2837621729088244E-002  0.31826844392331188     
  0.93999999999999995      	  0.93999999999999995      	   6.3540064692807985E-002   6.3338548779366094E-002  0.31815682128091177     
  0.93999999999999995      	  0.97999999999999998      	   6.3791786097798897E-002   6.3589507514242236E-002  0.31810056637308737     
  0.97999999999999998      	   2.0000000000000000E-002 	   6.7184681060761795E-004   6.6964717221396693E-004  0.32847721679741371     
  0.97999999999999998      	   5.9999999999999998E-002 	   2.0128878307225694E-003   2.0062987251858646E-003  0.32842096014861288     
  0.97999999999999998      	  0.10000000000000001      	   3.3459815561252861E-003   3.3350323336801537E-003  0.32830933405224350     
  0.97999999999999998      	  0.14000000000000001      	   4.6658647760805874E-003   4.6506040931847507E-003  0.32814409891825708     
  0.97999999999999998      	  0.17999999999999999      	   5.9673266085705622E-003   5.9478220429924570E-003  0.32792786060378049     
  0.97999999999999998      	  0.22000000000000000      	   7.2452291327843102E-003   7.2215666564978886E-003  0.32766402931599797     
  0.97999999999999998      	  0.26000000000000001      	   8.4945277244381882E-003   8.4668110456301033E-003  0.32735676583204359     
  0.97999999999999998      	  0.30000000000000004      	   9.7102910116071001E-003   9.6786407996832403E-003  0.32701091588082937     
  0.97999999999999998      	  0.33999999999999997      	   1.0887720370645188E-002   1.0852273380250405E-002  0.32663193372267763     
  0.97999999999999998      	  0.38000000000000000      	   1.2022168884048303E-002   1.1983076995717825E-002  0.32622579613272917     
  0.97999999999999998      	  0.42000000000000004      	   1.3109159684735625E-002   1.3066588880830277E-002  0.32579890814351714     
  0.97999999999999998      	  0.45999999999999996      	   1.4144403614176092E-002   1.4098532909186719E-002  0.32535800203354953     
  0.97999999999999998      	  0.50000000000000000      	   1.5123816125026196E-002   1.5074836469157608E-002  0.32491003115554834     
  0.97999999999999998      	  0.54000000000000004      	   1.6043533362447543E-002   1.5991646536622415E-002  0.32446206027817198     
  0.97999999999999998      	  0.58000000000000007      	   1.6899927362003096E-002   1.6845344881095525E-002  0.32402115416957800     
  0.97999999999999998      	  0.62000000000000000      	   1.7689620305959164E-002   1.7632562345228975E-002  0.32359426618235015     
  0.97999999999999998      	  0.66000000000000003      	   1.8409497783912487E-002   1.8350192141337294E-002  0.32318812859510226     
  0.97999999999999998      	  0.69999999999999996      	   1.9056721007891242E-002   1.8995402112469098E-002  0.32280914644019287     
  0.97999999999999998      	  0.73999999999999999      	   1.9628737936416986E-002   1.9565645909636734E-002  0.32246329649243732     
  0.97999999999999998      	  0.78000000000000003      	   2.0123293266436415E-002   2.0058673041092386E-002  0.32215603301199386     
  0.97999999999999998      	  0.82000000000000006      	   2.0538437256516703E-002   2.0472537753990869E-002  0.32189220172759658     
  0.97999999999999998      	  0.85999999999999999      	   2.0872533349227014E-002   2.0805606713387183E-002  0.32167596341599225     
  0.97999999999999998      	  0.90000000000000002      	   2.1124264565187727E-002   2.1056565448263315E-002  0.32151072828449179     
  0.97999999999999998      	  0.93999999999999995      	   2.1292638645844610E-002   2.1224423539144853E-002  0.32139910218972689     
  0.97999999999999998      	  0.97999999999999998      	   2.1376991926611119E-002   2.1308518526834155E-002  0.32134284554195930     
