   2.6315789473684209E-002 	   2.6315789473684209E-002 	   1.6162377239505945        0.0000000000000000                       Infinity
   2.6315789473684209E-002 	   7.8947368421052627E-002 	   4.6842110237254140        0.0000000000000000                       Infinity
   2.6315789473684209E-002 	  0.13157894736842102      	   7.3090468092564960        0.0000000000000000                       Infinity
   2.6315789473684209E-002 	  0.18421052631578944      	   9.3374224032456734        0.0000000000000000                       Infinity
   2.6315789473684209E-002 	  0.23684210526315785      	   10.757434494640783        0.0000000000000000                       Infinity
   2.6315789473684209E-002 	  0.28947368421052627      	   11.661226112835385        0.0000000000000000                       Infinity
   2.6315789473684209E-002 	  0.34210526315789469      	   12.185697586687498        0.0000000000000000                       Infinity
   2.6315789473684209E-002 	  0.39473684210526316      	   12.462321039019203        0.0000000000000000                       Infinity
   2.6315789473684209E-002 	  0.44736842105263153      	   12.589729011803348        0.0000000000000000                       Infinity
   2.6315789473684209E-002 	  0.50000000000000000      	   12.625930069449545        0.0000000000000000                       Infinity
   2.6315789473684209E-002 	  0.55263157894736836      	   12.589729011803307        0.0000000000000000                       Infinity
   2.6315789473684209E-002 	  0.60526315789473673      	   12.462321039019107        0.0000000000000000                       Infinity
   2.6315789473684209E-002 	  0.65789473684210520      	   12.185697586687375        0.0000000000000000                       Infinity
   2.6315789473684209E-002 	  0.71052631578947367      	   11.661226112835203        0.0000000000000000                       Infinity
   2.6315789473684209E-002 	  0.76315789473684215      	   10.757434494640432        0.0000000000000000                       Infinity
   2.6315789473684209E-002 	  0.81578947368421051      	   9.3374224032451263        0.0000000000000000                       Infinity
   2.6315789473684209E-002 	  0.86842105263157898      	   7.3090468092559444        0.0000000000000000                       Infinity
   2.6315789473684209E-002 	  0.92105263157894735      	   4.6842110237249930        0.0000000000000000                       Infinity
   2.6315789473684209E-002 	  0.97368421052631571      	   1.6162377239504473        0.0000000000000000                       Infinity
   7.8947368421052627E-002 	   2.6315789473684209E-002 	   4.6842120274686199        0.0000000000000000                       Infinity
   7.8947368421052627E-002 	   7.8947368421052627E-002 	   13.575890529582971        0.0000000000000000                       Infinity
   7.8947368421052627E-002 	  0.13157894736842102      	   21.183301649106024        0.0000000000000000                       Infinity
   7.8947368421052627E-002 	  0.18421052631578944      	   27.062082845376267        0.0000000000000000                       Infinity
   7.8947368421052627E-002 	  0.23684210526315785      	   31.177715264516930        0.0000000000000000                       Infinity
   7.8947368421052627E-002 	  0.28947368421052622      	   33.797223207611772        0.0000000000000000                       Infinity
   7.8947368421052627E-002 	  0.34210526315789469      	   35.317354700804088        0.0000000000000000                       Infinity
   7.8947368421052627E-002 	  0.39473684210526316      	   36.119137409999993        0.0000000000000000                       Infinity
   7.8947368421052627E-002 	  0.44736842105263153      	   36.488431307957342        0.0000000000000000                       Infinity
   7.8947368421052627E-002 	  0.50000000000000000      	   36.593361840490935        0.0000000000000000                       Infinity
   7.8947368421052627E-002 	  0.55263157894736836      	   36.488431307957306        0.0000000000000000                       Infinity
   7.8947368421052627E-002 	  0.60526315789473684      	   36.119137409999638        0.0000000000000000                       Infinity
   7.8947368421052627E-002 	  0.65789473684210520      	   35.317354700803754        0.0000000000000000                       Infinity
   7.8947368421052627E-002 	  0.71052631578947378      	   33.797223207611097        0.0000000000000000                       Infinity
   7.8947368421052627E-002 	  0.76315789473684226      	   31.177715264515964        0.0000000000000000                       Infinity
   7.8947368421052627E-002 	  0.81578947368421051      	   27.062082845374793        0.0000000000000000                       Infinity
   7.8947368421052627E-002 	  0.86842105263157887      	   21.183301649104347        0.0000000000000000                       Infinity
   7.8947368421052627E-002 	  0.92105263157894735      	   13.575890529581676        0.0000000000000000                       Infinity
   7.8947368421052627E-002 	  0.97368421052631571      	   4.6842120274681784        0.0000000000000000                       Infinity
  0.13157894736842105      	   2.6315789473684209E-002 	   7.3090492498002693        0.0000000000000000                       Infinity
  0.13157894736842105      	   7.8947368421052627E-002 	   21.183304182493252        0.0000000000000000                       Infinity
  0.13157894736842105      	  0.13157894736842105      	   33.053761859649555        0.0000000000000000                       Infinity
  0.13157894736842105      	  0.18421052631578946      	   42.227058246608109        0.0000000000000000                       Infinity
  0.13157894736842105      	  0.23684210526315791      	   48.649273818306938        0.0000000000000000                       Infinity
  0.13157894736842105      	  0.28947368421052633      	   52.736987465034417        0.0000000000000000                       Infinity
  0.13157894736842105      	  0.34210526315789469      	   55.109214008889516        0.0000000000000000                       Infinity
  0.13157894736842105      	  0.39473684210526316      	   56.360472133899890        0.0000000000000000                       Infinity
  0.13157894736842105      	  0.44736842105263153      	   56.936809196472822        0.0000000000000000                       Infinity
  0.13157894736842105      	  0.49999999999999989      	   57.100572094735142        0.0000000000000000                       Infinity
  0.13157894736842105      	  0.55263157894736847      	   56.936809196472709        0.0000000000000000                       Infinity
  0.13157894736842105      	  0.60526315789473695      	   56.360472133899421        0.0000000000000000                       Infinity
  0.13157894736842105      	  0.65789473684210531      	   55.109214008888927        0.0000000000000000                       Infinity
  0.13157894736842105      	  0.71052631578947378      	   52.736987465033337        0.0000000000000000                       Infinity
  0.13157894736842105      	  0.76315789473684204      	   48.649273818305460        0.0000000000000000                       Infinity
  0.13157894736842105      	  0.81578947368421051      	   42.227058246605807        0.0000000000000000                       Infinity
  0.13157894736842105      	  0.86842105263157898      	   33.053761859646926        0.0000000000000000                       Infinity
  0.13157894736842105      	  0.92105263157894735      	   21.183304182491181        0.0000000000000000                       Infinity
  0.13157894736842105      	  0.97368421052631571      	   7.3090492497995685        0.0000000000000000                       Infinity
  0.18421052631578946      	   2.6315789473684209E-002 	   9.3374262629778588        0.0000000000000000                       Infinity
  0.18421052631578946      	   7.8947368421052627E-002 	   27.062088230718945        0.0000000000000000                       Infinity
  0.18421052631578946      	  0.13157894736842105      	   42.227061599029049        0.0000000000000000                       Infinity
  0.18421052631578946      	  0.18421052631578949      	   53.946564070213576        0.0000000000000000                       Infinity
  0.18421052631578946      	  0.23684210526315791      	   62.151619231575189        0.0000000000000000                       Infinity
  0.18421052631578946      	  0.28947368421052633      	   67.374292405815922        0.0000000000000000                       Infinity
  0.18421052631578946      	  0.34210526315789469      	   70.405297055017499        0.0000000000000000                       Infinity
  0.18421052631578946      	  0.39473684210526316      	   72.004106212806221        0.0000000000000000                       Infinity
  0.18421052631578946      	  0.44736842105263153      	   72.740557865621895        0.0000000000000000                       Infinity
  0.18421052631578946      	  0.49999999999999989      	   72.949822042107883        0.0000000000000000                       Infinity
  0.18421052631578946      	  0.55263157894736836      	   72.740557865621739        0.0000000000000000                       Infinity
  0.18421052631578946      	  0.60526315789473684      	   72.004106212805652        0.0000000000000000                       Infinity
  0.18421052631578946      	  0.65789473684210531      	   70.405297055016661        0.0000000000000000                       Infinity
  0.18421052631578946      	  0.71052631578947367      	   67.374292405814614        0.0000000000000000                       Infinity
  0.18421052631578946      	  0.76315789473684204      	   62.151619231573264        0.0000000000000000                       Infinity
  0.18421052631578946      	  0.81578947368421062      	   53.946564070210528        0.0000000000000000                       Infinity
  0.18421052631578946      	  0.86842105263157898      	   42.227061599025667        0.0000000000000000                       Infinity
  0.18421052631578946      	  0.92105263157894735      	   27.062088230716306        0.0000000000000000                       Infinity
  0.18421052631578946      	  0.97368421052631571      	   9.3374262629769813        0.0000000000000000                       Infinity
  0.23684210526315785      	   2.6315789473684209E-002 	   10.757439504206921        0.0000000000000000                       Infinity
  0.23684210526315785      	   7.8947368421052627E-002 	   31.177723098472253        0.0000000000000000                       Infinity
  0.23684210526315785      	  0.13157894736842105      	   48.649280222282407        0.0000000000000000                       Infinity
  0.23684210526315785      	  0.18421052631578946      	   62.151622478174843        0.0000000000000000                       Infinity
  0.23684210526315785      	  0.23684210526315785      	   71.605171489011795        0.0000000000000000                       Infinity
  0.23684210526315785      	  0.28947368421052633      	   77.622762560231422        0.0000000000000000                       Infinity
  0.23684210526315785      	  0.34210526315789469      	   81.115253386197224        0.0000000000000000                       Infinity
  0.23684210526315785      	  0.39473684210526316      	   82.957574893557634        0.0000000000000000                       Infinity
  0.23684210526315785      	  0.44736842105263153      	   83.806231126366782        0.0000000000000000                       Infinity
  0.23684210526315785      	  0.49999999999999989      	   84.047385225929830        0.0000000000000000                       Infinity
  0.23684210526315785      	  0.55263157894736836      	   83.806231126366413        0.0000000000000000                       Infinity
  0.23684210526315785      	  0.60526315789473684      	   82.957574893556924        0.0000000000000000                       Infinity
  0.23684210526315785      	  0.65789473684210531      	   81.115253386196201        0.0000000000000000                       Infinity
  0.23684210526315785      	  0.71052631578947367      	   77.622762560229788        0.0000000000000000                       Infinity
  0.23684210526315785      	  0.76315789473684192      	   71.605171489009365        0.0000000000000000                       Infinity
  0.23684210526315785      	  0.81578947368421051      	   62.151622478171170        0.0000000000000000                       Infinity
  0.23684210526315785      	  0.86842105263157898      	   48.649280222278527        0.0000000000000000                       Infinity
  0.23684210526315785      	  0.92105263157894723      	   31.177723098469283        0.0000000000000000                       Infinity
  0.23684210526315785      	  0.97368421052631571      	   10.757439504205895        0.0000000000000000                       Infinity
  0.28947368421052633      	   2.6315789473684202E-002 	   11.661231935772662        0.0000000000000000                       Infinity
  0.28947368421052633      	   7.8947368421052599E-002 	   33.797232835596198        0.0000000000000000                       Infinity
  0.28947368421052633      	  0.13157894736842102      	   52.736996178202588        0.0000000000000000                       Infinity
  0.28947368421052633      	  0.18421052631578944      	   67.374298187158004        0.0000000000000000                       Infinity
  0.28947368421052633      	  0.23684210526315785      	   77.622765165938731        0.0000000000000000                       Infinity
  0.28947368421052633      	  0.28947368421052633      	   84.146578347697613        0.0000000000000000                       Infinity
  0.28947368421052633      	  0.34210526315789469      	   87.933018557023260        0.0000000000000000                       Infinity
  0.28947368421052633      	  0.39473684210526305      	   89.930484523002420        0.0000000000000000                       Infinity
  0.28947368421052633      	  0.44736842105263147      	   90.850643123867854        0.0000000000000000                       Infinity
  0.28947368421052633      	  0.50000000000000000      	   91.112121951427127        0.0000000000000000                       Infinity
  0.28947368421052633      	  0.55263157894736836      	   90.850643123867528        0.0000000000000000                       Infinity
  0.28947368421052633      	  0.60526315789473684      	   89.930484523001653        0.0000000000000000                       Infinity
  0.28947368421052633      	  0.65789473684210520      	   87.933018557022081        0.0000000000000000                       Infinity
  0.28947368421052633      	  0.71052631578947367      	   84.146578347695623        0.0000000000000000                       Infinity
  0.28947368421052633      	  0.76315789473684215      	   77.622765165936244        0.0000000000000000                       Infinity
  0.28947368421052633      	  0.81578947368421040      	   67.374298187154096        0.0000000000000000                       Infinity
  0.28947368421052633      	  0.86842105263157887      	   52.736996178198424        0.0000000000000000                       Infinity
  0.28947368421052633      	  0.92105263157894735      	   33.797232835592979        0.0000000000000000                       Infinity
  0.28947368421052633      	  0.97368421052631571      	   11.661231935771557        0.0000000000000000                       Infinity
  0.34210526315789475      	   2.6315789473684202E-002 	   12.185703939353028        0.0000000000000000                       Infinity
  0.34210526315789475      	   7.8947368421052599E-002 	   35.317365536682658        0.0000000000000000                       Infinity
  0.34210526315789475      	  0.13157894736842102      	   55.109224322011059        0.0000000000000000                       Infinity
  0.34210526315789475      	  0.18421052631578944      	   70.405304639086836        0.0000000000000000                       Infinity
  0.34210526315789475      	  0.23684210526315785      	   81.115257886147035        0.0000000000000000                       Infinity
  0.34210526315789475      	  0.28947368421052633      	   87.933020483323105        0.0000000000000000                       Infinity
  0.34210526315789469      	  0.34210526315789469      	   91.890191905114648        0.0000000000000000                       Infinity
  0.34210526315789469      	  0.39473684210526305      	   93.977792744017577        0.0000000000000000                       Infinity
  0.34210526315789475      	  0.44736842105263153      	   94.939502715563080        0.0000000000000000                       Infinity
  0.34210526315789475      	  0.50000000000000000      	   95.212794538868422        0.0000000000000000                       Infinity
  0.34210526315789475      	  0.55263157894736836      	   94.939502715562668        0.0000000000000000                       Infinity
  0.34210526315789475      	  0.60526315789473684      	   93.977792744016796        0.0000000000000000                       Infinity
  0.34210526315789475      	  0.65789473684210531      	   91.890191905113653        0.0000000000000000                       Infinity
  0.34210526315789475      	  0.71052631578947367      	   87.933020483321201        0.0000000000000000                       Infinity
  0.34210526315789475      	  0.76315789473684226      	   81.115257886144533        0.0000000000000000                       Infinity
  0.34210526315789475      	  0.81578947368421040      	   70.405304639082843        0.0000000000000000                       Infinity
  0.34210526315789475      	  0.86842105263157887      	   55.109224322006810        0.0000000000000000                       Infinity
  0.34210526315789475      	  0.92105263157894735      	   35.317365536679333        0.0000000000000000                       Infinity
  0.34210526315789475      	  0.97368421052631571      	   12.185703939351885        0.0000000000000000                       Infinity
  0.39473684210526316      	   2.6315789473684206E-002 	   12.462327743733221        0.0000000000000000                       Infinity
  0.39473684210526311      	   7.8947368421052613E-002 	   36.119149093275333        0.0000000000000000                       Infinity
  0.39473684210526316      	  0.13157894736842102      	   56.360483618928043        0.0000000000000000                       Infinity
  0.39473684210526316      	  0.18421052631578944      	   72.004115166760627        0.0000000000000000                       Infinity
  0.39473684210526316      	  0.23684210526315785      	   82.957580875477987        0.0000000000000000                       Infinity
  0.39473684210526316      	  0.28947368421052633      	   89.930487988878156        0.0000000000000000                       Infinity
  0.39473684210526311      	  0.34210526315789469      	   93.977794307255195        0.0000000000000000                       Infinity
  0.39473684210526311      	  0.39473684210526311      	   96.112994046614986        0.0000000000000000                       Infinity
  0.39473684210526316      	  0.44736842105263153      	   97.096652528364913        0.0000000000000000                       Infinity
  0.39473684210526316      	  0.50000000000000000      	   97.376185360988856        0.0000000000000000                       Infinity
  0.39473684210526316      	  0.55263157894736836      	   97.096652528364530        0.0000000000000000                       Infinity
  0.39473684210526316      	  0.60526315789473684      	   96.112994046614205        0.0000000000000000                       Infinity
  0.39473684210526316      	  0.65789473684210531      	   93.977794307254129        0.0000000000000000                       Infinity
  0.39473684210526316      	  0.71052631578947367      	   89.930487988876436        0.0000000000000000                       Infinity
  0.39473684210526316      	  0.76315789473684204      	   82.957580875475571        0.0000000000000000                       Infinity
  0.39473684210526316      	  0.81578947368421040      	   72.004115166756705        0.0000000000000000                       Infinity
  0.39473684210526316      	  0.86842105263157887      	   56.360483618923716        0.0000000000000000                       Infinity
  0.39473684210526316      	  0.92105263157894735      	   36.119149093271972        0.0000000000000000                       Infinity
  0.39473684210526316      	  0.97368421052631582      	   12.462327743732038        0.0000000000000000                       Infinity
  0.44736842105263153      	   2.6315789473684209E-002 	   12.589736006724964        0.0000000000000000                       Infinity
  0.44736842105263153      	   7.8947368421052627E-002 	   36.488443752628847        0.0000000000000000                       Infinity
  0.44736842105263158      	  0.13157894736842105      	   56.936821800425477        0.0000000000000000                       Infinity
  0.44736842105263153      	  0.18421052631578946      	   72.740568190686062        0.0000000000000000                       Infinity
  0.44736842105263153      	  0.23684210526315785      	   83.806238643952867        0.0000000000000000                       Infinity
  0.44736842105263153      	  0.28947368421052633      	   90.850648223994142        0.0000000000000000                       Infinity
  0.44736842105263158      	  0.34210526315789469      	   94.939505965874957        0.0000000000000000                       Infinity
  0.44736842105263153      	  0.39473684210526316      	   97.096654237605435        0.0000000000000000                       Infinity
  0.44736842105263153      	  0.44736842105263153      	   98.090436002405099        0.0000000000000000                       Infinity
  0.44736842105263158      	  0.50000000000000000      	   98.372847831559568        0.0000000000000000                       Infinity
  0.44736842105263153      	  0.55263157894736836      	   98.090436002404772        0.0000000000000000                       Infinity
  0.44736842105263153      	  0.60526315789473684      	   97.096654237604639        0.0000000000000000                       Infinity
  0.44736842105263153      	  0.65789473684210531      	   94.939505965873991        0.0000000000000000                       Infinity
  0.44736842105263158      	  0.71052631578947367      	   90.850648223992522        0.0000000000000000                       Infinity
  0.44736842105263153      	  0.76315789473684204      	   83.806238643950380        0.0000000000000000                       Infinity
  0.44736842105263153      	  0.81578947368421051      	   72.740568190681969        0.0000000000000000                       Infinity
  0.44736842105263153      	  0.86842105263157898      	   56.936821800421008        0.0000000000000000                       Infinity
  0.44736842105263158      	  0.92105263157894723      	   36.488443752625443        0.0000000000000000                       Infinity
  0.44736842105263153      	  0.97368421052631571      	   12.589736006723772        0.0000000000000000                       Infinity
  0.50000000000000000      	   2.6315789473684209E-002 	   12.625937397907348        0.0000000000000000                       Infinity
  0.50000000000000000      	   7.8947368421052627E-002 	   36.593375229303540        0.0000000000000000                       Infinity
  0.50000000000000000      	  0.13157894736842105      	   57.100586152637710        0.0000000000000000                       Infinity
  0.50000000000000000      	  0.18421052631578946      	   72.949834208692550        0.0000000000000000                       Infinity
  0.50000000000000000      	  0.23684210526315785      	   84.047394853392163        0.0000000000000000                       Infinity
  0.50000000000000000      	  0.28947368421052633      	   91.112129330821887        0.0000000000000000                       Infinity
  0.50000000000000000      	  0.34210526315789469      	   95.212800165727828        0.0000000000000000                       Infinity
  0.49999999999999989      	  0.39473684210526311      	   97.376189496592829        0.0000000000000000                       Infinity
  0.50000000000000000      	  0.44736842105263153      	   98.372850278016131        0.0000000000000000                       Infinity
  0.50000000000000000      	  0.50000000000000000      	   98.656080966623861        0.0000000000000000                       Infinity
  0.50000000000000000      	  0.55263157894736836      	   98.372850278015790        0.0000000000000000                       Infinity
  0.50000000000000000      	  0.60526315789473684      	   97.376189496592048        0.0000000000000000                       Infinity
  0.50000000000000000      	  0.65789473684210531      	   95.212800165726975        0.0000000000000000                       Infinity
  0.50000000000000000      	  0.71052631578947367      	   91.112129330820139        0.0000000000000000                       Infinity
  0.50000000000000000      	  0.76315789473684204      	   84.047394853389648        0.0000000000000000                       Infinity
  0.50000000000000000      	  0.81578947368421051      	   72.949834208688486        0.0000000000000000                       Infinity
  0.50000000000000000      	  0.86842105263157887      	   57.100586152633106        0.0000000000000000                       Infinity
  0.50000000000000000      	  0.92105263157894723      	   36.593375229300115        0.0000000000000000                       Infinity
  0.50000000000000000      	  0.97368421052631571      	   12.625937397906160        0.0000000000000000                       Infinity
  0.55263157894736836      	   2.6315789473684209E-002 	   12.589736797911929        0.0000000000000000                       Infinity
  0.55263157894736836      	   7.8947368421052627E-002 	   36.488446046104208        0.0000000000000000                       Infinity
  0.55263157894736836      	  0.13157894736842105      	   56.936825380318425        0.0000000000000000                       Infinity
  0.55263157894736836      	  0.18421052631578946      	   72.740572766079310        0.0000000000000000                       Infinity
  0.55263157894736836      	  0.23684210526315785      	   83.806243917596618        0.0000000000000000                       Infinity
  0.55263157894736836      	  0.28947368421052633      	   90.850653943087593        0.0000000000000000                       Infinity
  0.55263157894736836      	  0.34210526315789469      	   94.939511944154546        0.0000000000000000                       Infinity
  0.55263157894736836      	  0.39473684210526311      	   97.096660352978375        0.0000000000000000                       Infinity
  0.55263157894736836      	  0.44736842105263158      	   98.090442181088804        0.0000000000000000                       Infinity
  0.55263157894736836      	  0.50000000000000000      	   98.372854028263134        0.0000000000000000                       Infinity
  0.55263157894736836      	  0.55263157894736836      	   98.090442181088605        0.0000000000000000                       Infinity
  0.55263157894736836      	  0.60526315789473684      	   97.096660352977722        0.0000000000000000                       Infinity
  0.55263157894736836      	  0.65789473684210531      	   94.939511944153608        0.0000000000000000                       Infinity
  0.55263157894736836      	  0.71052631578947367      	   90.850653943085888        0.0000000000000000                       Infinity
  0.55263157894736836      	  0.76315789473684204      	   83.806243917594145        0.0000000000000000                       Infinity
  0.55263157894736836      	  0.81578947368421051      	   72.740572766075388        0.0000000000000000                       Infinity
  0.55263157894736836      	  0.86842105263157898      	   56.936825380313962        0.0000000000000000                       Infinity
  0.55263157894736836      	  0.92105263157894746      	   36.488446046100712        0.0000000000000000                       Infinity
  0.55263157894736836      	  0.97368421052631582      	   12.589736797910744        0.0000000000000000                       Infinity
  0.60526315789473684      	   2.6315789473684209E-002 	   12.462329439523630        0.0000000000000000                       Infinity
  0.60526315789473684      	   7.8947368421052627E-002 	   36.119154008957636        0.0000000000000000                       Infinity
  0.60526315789473684      	  0.13157894736842105      	   56.360491291725964        0.0000000000000000                       Infinity
  0.60526315789473684      	  0.18421052631578946      	   72.004124973046189        0.0000000000000000                       Infinity
  0.60526315789473684      	  0.23684210526315785      	   82.957592178092781        0.0000000000000000                       Infinity
  0.60526315789473684      	  0.28947368421052633      	   89.930500245990586        0.0000000000000000                       Infinity
  0.60526315789473684      	  0.34210526315789469      	   93.977807119685664        0.0000000000000000                       Infinity
  0.60526315789473684      	  0.39473684210526316      	   96.113007152741233        0.0000000000000000                       Infinity
  0.60526315789473684      	  0.44736842105263164      	   97.096665770108046        0.0000000000000000                       Infinity
  0.60526315789473684      	  0.50000000000000000      	   97.376198641329538        0.0000000000000000                       Infinity
  0.60526315789473684      	  0.55263157894736836      	   97.096665770107833        0.0000000000000000                       Infinity
  0.60526315789473684      	  0.60526315789473684      	   96.113007152740749        0.0000000000000000                       Infinity
  0.60526315789473684      	  0.65789473684210531      	   93.977807119684797        0.0000000000000000                       Infinity
  0.60526315789473684      	  0.71052631578947367      	   89.930500245989165        0.0000000000000000                       Infinity
  0.60526315789473684      	  0.76315789473684204      	   82.957592178090522        0.0000000000000000                       Infinity
  0.60526315789473684      	  0.81578947368421051      	   72.004124973042309        0.0000000000000000                       Infinity
  0.60526315789473684      	  0.86842105263157898      	   56.360491291721488        0.0000000000000000                       Infinity
  0.60526315789473684      	  0.92105263157894757      	   36.119154008954155        0.0000000000000000                       Infinity
  0.60526315789473684      	  0.97368421052631593      	   12.462329439522398        0.0000000000000000                       Infinity
  0.65789473684210520      	   2.6315789473684209E-002 	   12.185706703056328        0.0000000000000000                       Infinity
  0.65789473684210520      	   7.8947368421052627E-002 	   35.317373547905717        0.0000000000000000                       Infinity
  0.65789473684210520      	  0.13157894736842105      	   55.109236826361020        0.0000000000000000                       Infinity
  0.65789473684210520      	  0.18421052631578946      	   70.405320620022437        0.0000000000000000                       Infinity
  0.65789473684210531      	  0.23684210526315785      	   81.115276305164684        0.0000000000000000                       Infinity
  0.65789473684210531      	  0.28947368421052633      	   87.933040457392863        0.0000000000000000                       Infinity
  0.65789473684210520      	  0.34210526315789469      	   91.890212783777983        0.0000000000000000                       Infinity
  0.65789473684210520      	  0.39473684210526316      	   93.977814101032408        0.0000000000000000                       Infinity
  0.65789473684210531      	  0.44736842105263158      	   94.939524293431830        0.0000000000000000                       Infinity
  0.65789473684210531      	  0.50000000000000000      	   95.212816179588344        0.0000000000000000                       Infinity
  0.65789473684210520      	  0.55263157894736836      	   94.939524293431674        0.0000000000000000                       Infinity
  0.65789473684210520      	  0.60526315789473684      	   93.977814101031910        0.0000000000000000                       Infinity
  0.65789473684210520      	  0.65789473684210531      	   91.890212783777386        0.0000000000000000                       Infinity
  0.65789473684210520      	  0.71052631578947367      	   87.933040457391428        0.0000000000000000                       Infinity
  0.65789473684210520      	  0.76315789473684204      	   81.115276305162212        0.0000000000000000                       Infinity
  0.65789473684210520      	  0.81578947368421051      	   70.405320620018358        0.0000000000000000                       Infinity
  0.65789473684210520      	  0.86842105263157898      	   55.109236826356700        0.0000000000000000                       Infinity
  0.65789473684210520      	  0.92105263157894746      	   35.317373547902285        0.0000000000000000                       Infinity
  0.65789473684210520      	  0.97368421052631582      	   12.185706703055134        0.0000000000000000                       Infinity
  0.71052631578947367      	   2.6315789473684209E-002 	   11.661235860762204        0.0000000000000000                       Infinity
  0.71052631578947367      	   7.8947368421052627E-002 	   33.797244212963165        0.0000000000000000                       Infinity
  0.71052631578947367      	  0.13157894736842105      	   52.737013936304912        0.0000000000000000                       Infinity
  0.71052631578947367      	  0.18421052631578946      	   67.374320882049645        0.0000000000000000                       Infinity
  0.71052631578947378      	  0.23684210526315785      	   77.622791322607526        0.0000000000000000                       Infinity
  0.71052631578947378      	  0.28947368421052633      	   84.146606712095149        0.0000000000000000                       Infinity
  0.71052631578947367      	  0.34210526315789469      	   87.933048205515220        0.0000000000000000                       Infinity
  0.71052631578947356      	  0.39473684210526316      	   89.930514850431038        0.0000000000000000                       Infinity
  0.71052631578947378      	  0.44736842105263153      	   90.850673764718934        0.0000000000000000                       Infinity
  0.71052631578947378      	  0.49999999999999989      	   91.112152681464963        0.0000000000000000                       Infinity
  0.71052631578947367      	  0.55263157894736836      	   90.850673764718792        0.0000000000000000                       Infinity
  0.71052631578947367      	  0.60526315789473684      	   89.930514850430512        0.0000000000000000                       Infinity
  0.71052631578947367      	  0.65789473684210531      	   87.933048205514424        0.0000000000000000                       Infinity
  0.71052631578947367      	  0.71052631578947367      	   84.146606712093700        0.0000000000000000                       Infinity
  0.71052631578947367      	  0.76315789473684204      	   77.622791322605252        0.0000000000000000                       Infinity
  0.71052631578947367      	  0.81578947368421051      	   67.374320882045893        0.0000000000000000                       Infinity
  0.71052631578947367      	  0.86842105263157898      	   52.737013936300720        0.0000000000000000                       Infinity
  0.71052631578947367      	  0.92105263157894735      	   33.797244212959818        0.0000000000000000                       Infinity
  0.71052631578947367      	  0.97368421052631571      	   11.661235860761092        0.0000000000000000                       Infinity
  0.76315789473684204      	   2.6315789473684209E-002 	   10.757444459325185        0.0000000000000000                       Infinity
  0.76315789473684204      	   7.8947368421052627E-002 	   31.177737461757889        0.0000000000000000                       Infinity
  0.76315789473684204      	  0.13157894736842105      	   48.649302640561032        0.0000000000000000                       Infinity
  0.76315789473684204      	  0.18421052631578946      	   62.151651128253093        0.0000000000000000                       Infinity
  0.76315789473684215      	  0.23684210526315785      	   71.605204508608196        0.0000000000000000                       Infinity
  0.76315789473684204      	  0.28947368421052633      	   77.622798366193010        0.0000000000000000                       Infinity
  0.76315789473684204      	  0.34210526315789469      	   81.115290812628700        0.0000000000000000                       Infinity
  0.76315789473684204      	  0.39473684210526316      	   82.957613176675252        0.0000000000000000                       Infinity
  0.76315789473684204      	  0.44736842105263153      	   83.806269804918898        0.0000000000000000                       Infinity
  0.76315789473684204      	  0.49999999999999989      	   84.047424016997638        0.0000000000000000                       Infinity
  0.76315789473684204      	  0.55263157894736836      	   83.806269804918571        0.0000000000000000                       Infinity
  0.76315789473684204      	  0.60526315789473684      	   82.957613176674613        0.0000000000000000                       Infinity
  0.76315789473684204      	  0.65789473684210531      	   81.115290812627975        0.0000000000000000                       Infinity
  0.76315789473684204      	  0.71052631578947367      	   77.622798366191830        0.0000000000000000                       Infinity
  0.76315789473684204      	  0.76315789473684204      	   71.605204508606150        0.0000000000000000                       Infinity
  0.76315789473684204      	  0.81578947368421051      	   62.151651128249554        0.0000000000000000                       Infinity
  0.76315789473684204      	  0.86842105263157898      	   48.649302640557188        0.0000000000000000                       Infinity
  0.76315789473684204      	  0.92105263157894735      	   31.177737461754830        0.0000000000000000                       Infinity
  0.76315789473684204      	  0.97368421052631571      	   10.757444459324173        0.0000000000000000                       Infinity
  0.81578947368421051      	   2.6315789473684209E-002 	   9.3374317407311640        0.0000000000000000                       Infinity
  0.81578947368421051      	   7.8947368421052627E-002 	   27.062104108861647        0.0000000000000000                       Infinity
  0.81578947368421051      	  0.13157894736842105      	   42.227086381440472        0.0000000000000000                       Infinity
  0.81578947368421051      	  0.18421052631578946      	   53.946595741177269        0.0000000000000000                       Infinity
  0.81578947368421051      	  0.23684210526315785      	   62.151655732270228        0.0000000000000000                       Infinity
  0.81578947368421051      	  0.28947368421052633      	   67.374331986128055        0.0000000000000000                       Infinity
  0.81578947368421051      	  0.34210526315789469      	   70.405338426201155        0.0000000000000000                       Infinity
  0.81578947368421051      	  0.39473684210526316      	   72.004148530679728        0.0000000000000000                       Infinity
  0.81578947368421051      	  0.44736842105263153      	   72.740600620439054        0.0000000000000000                       Infinity
  0.81578947368421051      	  0.50000000000000000      	   72.949864921244995        0.0000000000000000                       Infinity
  0.81578947368421051      	  0.55263157894736836      	   72.740600620438812        0.0000000000000000                       Infinity
  0.81578947368421051      	  0.60526315789473684      	   72.004148530679146        0.0000000000000000                       Infinity
  0.81578947368421051      	  0.65789473684210531      	   70.405338426200586        0.0000000000000000                       Infinity
  0.81578947368421051      	  0.71052631578947367      	   67.374331986126947        0.0000000000000000                       Infinity
  0.81578947368421051      	  0.76315789473684204      	   62.151655732268345        0.0000000000000000                       Infinity
  0.81578947368421051      	  0.81578947368421051      	   53.946595741174136        0.0000000000000000                       Infinity
  0.81578947368421051      	  0.86842105263157898      	   42.227086381437047        0.0000000000000000                       Infinity
  0.81578947368421051      	  0.92105263157894746      	   27.062104108858989        0.0000000000000000                       Infinity
  0.81578947368421051      	  0.97368421052631571      	   9.3374317407302811        0.0000000000000000                       Infinity
  0.86842105263157898      	   2.6315789473684209E-002 	   7.3090544651974128        0.0000000000000000                       Infinity
  0.86842105263157898      	   7.8947368421052627E-002 	   21.183319300086637        0.0000000000000000                       Infinity
  0.86842105263157898      	  0.13157894736842105      	   33.053785454812243        0.0000000000000000                       Infinity
  0.86842105263157887      	  0.18421052631578946      	   42.227088400002202        0.0000000000000000                       Infinity
  0.86842105263157898      	  0.23684210526315785      	   48.649308569632169        0.0000000000000000                       Infinity
  0.86842105263157898      	  0.28947368421052633      	   52.737025148012656        0.0000000000000000                       Infinity
  0.86842105263157898      	  0.34210526315789469      	   55.109253396588279        0.0000000000000000                       Infinity
  0.86842105263157887      	  0.39473684210526316      	   56.360512422687222        0.0000000000000000                       Infinity
  0.86842105263157898      	  0.44736842105263153      	   56.936849901130955        0.0000000000000000                       Infinity
  0.86842105263157898      	  0.50000000000000000      	   57.100612917712773        0.0000000000000000                       Infinity
  0.86842105263157898      	  0.55263157894736836      	   56.936849901130742        0.0000000000000000                       Infinity
  0.86842105263157898      	  0.60526315789473684      	   56.360512422686824        0.0000000000000000                       Infinity
  0.86842105263157887      	  0.65789473684210531      	   55.109253396587825        0.0000000000000000                       Infinity
  0.86842105263157898      	  0.71052631578947367      	   52.737025148011682        0.0000000000000000                       Infinity
  0.86842105263157887      	  0.76315789473684204      	   48.649308569630634        0.0000000000000000                       Infinity
  0.86842105263157898      	  0.81578947368421051      	   42.227088399999786        0.0000000000000000                       Infinity
  0.86842105263157887      	  0.86842105263157898      	   33.053785454809642        0.0000000000000000                       Infinity
  0.86842105263157898      	  0.92105263157894735      	   21.183319300084591        0.0000000000000000                       Infinity
  0.86842105263157898      	  0.97368421052631571      	   7.3090544651967191        0.0000000000000000                       Infinity
  0.92105263157894735      	   2.6315789473684209E-002 	   4.6842160600089340        0.0000000000000000                       Infinity
  0.92105263157894735      	   7.8947368421052627E-002 	   13.575902218440953        0.0000000000000000                       Infinity
  0.92105263157894723      	  0.13157894736842105      	   21.183319892638632        0.0000000000000000                       Infinity
  0.92105263157894723      	  0.18421052631578946      	   27.062106159429138        0.0000000000000000                       Infinity
  0.92105263157894735      	  0.23684210526315785      	   31.177742133322486        0.0000000000000000                       Infinity
  0.92105263157894735      	  0.28947368421052633      	   33.797252342816549        0.0000000000000000                       Infinity
  0.92105263157894723      	  0.34210526315789469      	   35.317385153812204        0.0000000000000000                       Infinity
  0.92105263157894723      	  0.39473684210526316      	   36.119168559532795        0.0000000000000000                       Infinity
  0.92105263157894735      	  0.44736842105263158      	   36.488462778931080        0.0000000000000000                       Infinity
  0.92105263157894746      	  0.50000000000000000      	   36.593393402914288        0.0000000000000000                       Infinity
  0.92105263157894735      	  0.55263157894736836      	   36.488462778930945        0.0000000000000000                       Infinity
  0.92105263157894723      	  0.60526315789473684      	   36.119168559532547        0.0000000000000000                       Infinity
  0.92105263157894735      	  0.65789473684210531      	   35.317385153811870        0.0000000000000000                       Infinity
  0.92105263157894723      	  0.71052631578947367      	   33.797252342815980        0.0000000000000000                       Infinity
  0.92105263157894723      	  0.76315789473684204      	   31.177742133321576        0.0000000000000000                       Infinity
  0.92105263157894723      	  0.81578947368421051      	   27.062106159427636        0.0000000000000000                       Infinity
  0.92105263157894735      	  0.86842105263157898      	   21.183319892636927        0.0000000000000000                       Infinity
  0.92105263157894746      	  0.92105263157894735      	   13.575902218439664        0.0000000000000000                       Infinity
  0.92105263157894735      	  0.97368421052631582      	   4.6842160600084730        0.0000000000000000                       Infinity
  0.97368421052631571      	   2.6315789473684209E-002 	   1.6162394821261559        0.0000000000000000                       Infinity
  0.97368421052631582      	   7.8947368421052627E-002 	   4.6842161200053463        0.0000000000000000                       Infinity
  0.97368421052631582      	  0.13157894736842105      	   7.3090547632624991        0.0000000000000000                       Infinity
  0.97368421052631571      	  0.18421052631578946      	   9.3374325678250614        0.0000000000000000                       Infinity
  0.97368421052631571      	  0.23684210526315785      	   10.757446208888803        0.0000000000000000                       Infinity
  0.97368421052631582      	  0.28947368421052633      	   11.661238815039754        0.0000000000000000                       Infinity
  0.97368421052631571      	  0.34210526315789469      	   12.185710863298809        0.0000000000000000                       Infinity
  0.97368421052631571      	  0.39473684210526316      	   12.462334619209262        0.0000000000000000                       Infinity
  0.97368421052631582      	  0.44736842105263153      	   12.589742732082279        0.0000000000000000                       Infinity
  0.97368421052631582      	  0.50000000000000000      	   12.625943829581765        0.0000000000000000                       Infinity
  0.97368421052631571      	  0.55263157894736836      	   12.589742732082261        0.0000000000000000                       Infinity
  0.97368421052631571      	  0.60526315789473684      	   12.462334619209177        0.0000000000000000                       Infinity
  0.97368421052631582      	  0.65789473684210531      	   12.185710863298690        0.0000000000000000                       Infinity
  0.97368421052631582      	  0.71052631578947367      	   11.661238815039553        0.0000000000000000                       Infinity
  0.97368421052631571      	  0.76315789473684204      	   10.757446208888481        0.0000000000000000                       Infinity
  0.97368421052631571      	  0.81578947368421051      	   9.3374325678245427        0.0000000000000000                       Infinity
  0.97368421052631582      	  0.86842105263157898      	   7.3090547632619494        0.0000000000000000                       Infinity
  0.97368421052631582      	  0.92105263157894735      	   4.6842161200049253        0.0000000000000000                       Infinity
  0.97368421052631571      	  0.97368421052631571      	   1.6162394821260082        0.0000000000000000                       Infinity
