   1.9999999999999997E-002 	   2.0000000000000004E-002 	  0.50000000000000011     
   1.9999999999999997E-002 	   6.0000000000000005E-002 	  0.75000000000000011     
   2.0000000000000000E-002 	  0.10000000000000001      	  0.87500000000000000     
   2.0000000000000000E-002 	  0.14000000000000001      	  0.93749999999999989     
   2.0000000000000000E-002 	  0.17999999999999999      	  0.96875000000000000     
   2.0000000000000000E-002 	  0.22000000000000000      	  0.98437499999999989     
   2.0000000000000000E-002 	  0.26000000000000001      	  0.99218750000000000     
   2.0000000000000000E-002 	  0.30000000000000004      	  0.99609374999999978     
   2.0000000000000000E-002 	  0.33999999999999997      	  0.99804687499999967     
   2.0000000000000000E-002 	  0.38000000000000000      	  0.99902343749999978     
   2.0000000000000004E-002 	  0.42000000000000004      	  0.99951171874999944     
   2.0000000000000004E-002 	  0.45999999999999996      	  0.99975585937499889     
   2.0000000000000000E-002 	  0.50000000000000000      	  0.99987792968749822     
   2.0000000000000000E-002 	  0.54000000000000004      	  0.99993896484374678     
   2.0000000000000000E-002 	  0.58000000000000007      	  0.99996948242186978     
   2.0000000000000000E-002 	  0.62000000000000000      	  0.99998474121092906     
   2.0000000000000000E-002 	  0.66000000000000014      	  0.99999237060545543     
   2.0000000000000000E-002 	  0.69999999999999996      	  0.99999618530271517     
   2.0000000000000000E-002 	  0.73999999999999999      	  0.99999809265134032     
   2.0000000000000000E-002 	  0.78000000000000003      	  0.99999904632564729     
   2.0000000000000000E-002 	  0.82000000000000006      	  0.99999952316279439     
   2.0000000000000000E-002 	  0.85999999999999999      	  0.99999976158136117     
   2.0000000000000000E-002 	  0.90000000000000002      	  0.99999988079063729     
   2.0000000000000000E-002 	  0.93999999999999995      	  0.99999994039526818     
   2.0000000000000000E-002 	  0.97999999999999998      	  0.99999997019757603     
  
   5.9999999999999991E-002 	   2.0000000000000004E-002 	  0.25000000000000011     
   5.9999999999999998E-002 	   6.0000000000000012E-002 	  0.50000000000000011     
   5.9999999999999998E-002 	  0.10000000000000001      	  0.68749999999999989     
   5.9999999999999998E-002 	  0.14000000000000001      	  0.81250000000000000     
   5.9999999999999998E-002 	  0.17999999999999999      	  0.89062499999999978     
   5.9999999999999998E-002 	  0.22000000000000000      	  0.93749999999999967     
   5.9999999999999998E-002 	  0.26000000000000001      	  0.96484374999999978     
   5.9999999999999998E-002 	  0.30000000000000004      	  0.98046874999999933     
   5.9999999999999998E-002 	  0.34000000000000002      	  0.98925781249999822     
   5.9999999999999998E-002 	  0.38000000000000000      	  0.99414062499999589     
   6.0000000000000012E-002 	  0.42000000000000004      	  0.99682617187499056     
   6.0000000000000012E-002 	  0.45999999999999996      	  0.99829101562498024     
   5.9999999999999998E-002 	  0.50000000000000000      	  0.99908447265621203     
   5.9999999999999998E-002 	  0.54000000000000004      	  0.99951171874993117     
   5.9999999999999998E-002 	  0.58000000000000007      	  0.99974060058581982     
   5.9999999999999998E-002 	  0.62000000000000011      	  0.99986267089824732     
   5.9999999999999998E-002 	  0.66000000000000014      	  0.99992752075165992     
   5.9999999999999998E-002 	  0.70000000000000018      	  0.99996185302691187     
   5.9999999999999998E-002 	  0.73999999999999999      	  0.99997997283874540     
   5.9999999999999998E-002 	  0.78000000000000003      	  0.99998950958168997     
   5.9999999999999998E-002 	  0.82000000000000006      	  0.99999451637159109     
   5.9999999999999998E-002 	  0.85999999999999999      	  0.99999713897566467     
   5.9999999999999998E-002 	  0.89999999999999991      	  0.99999850988216832     
   5.9999999999999998E-002 	  0.93999999999999995      	  0.99999922513755890     
   5.9999999999999998E-002 	  0.97999999999999998      	  0.99999959766623125     
  
   9.9999999999999992E-002 	   2.0000000000000000E-002 	  0.12500000000000008     
   9.9999999999999992E-002 	   5.9999999999999998E-002 	  0.31250000000000006     
  0.10000000000000001      	  0.10000000000000001      	  0.49999999999999989     
  0.10000000000000001      	  0.14000000000000001      	  0.65624999999999989     
  0.10000000000000001      	  0.17999999999999999      	  0.77343749999999978     
  0.10000000000000001      	  0.22000000000000000      	  0.85546874999999933     
  0.10000000000000001      	  0.26000000000000001      	  0.91015624999999800     
  0.10000000000000001      	  0.30000000000000004      	  0.94531249999999356     
  0.10000000000000001      	  0.34000000000000008      	  0.96728515624998235     
  0.10000000000000001      	  0.38000000000000000      	  0.98071289062495615     
  0.10000000000000001      	  0.42000000000000004      	  0.98876953124990019     
  0.10000000000000001      	  0.45999999999999996      	  0.99353027343728983     
  0.10000000000000001      	  0.50000000000000000      	  0.99630737304646411     
  0.10000000000000001      	  0.54000000000000004      	  0.99790954589768543     
  0.10000000000000001      	  0.58000000000000007      	  0.99882507324088998     
  0.10000000000000001      	  0.62000000000000011      	  0.99934387206819197     
  0.10000000000000001      	  0.65999999999999992      	  0.99963569640783467     
  0.10000000000000001      	  0.69999999999999996      	  0.99979877471433609     
  0.10000000000000001      	  0.73999999999999999      	  0.99988937377230802     
  0.10000000000000001      	  0.78000000000000003      	  0.99993944167131910     
  0.10000000000000001      	  0.81999999999999995      	  0.99996697901409282     
  0.10000000000000001      	  0.85999999999999988      	  0.99998205898563397     
  0.10000000000000001      	  0.89999999999999991      	  0.99999028442262383     
  0.10000000000000001      	  0.93999999999999995      	  0.99999475476669319     
  0.10000000000000001      	  0.97999999999999998      	  0.99999717620092121     
  
  0.14000000000000001      	   2.0000000000000000E-002 	   6.2500000000000028E-002
  0.13999999999999999      	   5.9999999999999998E-002 	  0.18750000000000011     
  0.14000000000000001      	  0.10000000000000001      	  0.34374999999999994     
  0.14000000000000001      	  0.14000000000000001      	  0.49999999999999978     
  0.14000000000000001      	  0.17999999999999999      	  0.63671874999999922     
  0.14000000000000001      	  0.22000000000000000      	  0.74609374999999623     
  0.14000000000000001      	  0.26000000000000001      	  0.82812499999998623     
  0.14000000000000001      	  0.30000000000000004      	  0.88671874999995615     
  0.14000000000000001      	  0.33999999999999997      	  0.92700195312487710     
  0.14000000000000001      	  0.38000000000000000      	  0.95385742187469003     
  0.14000000000000001      	  0.41999999999999993      	  0.97131347656178613     
  0.14000000000000001      	  0.45999999999999996      	  0.98242187499848366     
  0.14000000000000001      	  0.50000000000000000      	  0.98936462402044212     
  0.14000000000000001      	  0.54000000000000004      	  0.99363708495539671     
  0.14000000000000001      	  0.58000000000000007      	  0.99623107909190678     
  0.14000000000000001      	  0.62000000000000011      	  0.99778747557000114     
  0.14000000000000001      	  0.66000000000000003      	  0.99871158597350951     
  0.14000000000000001      	  0.69999999999999996      	  0.99925518032134142     
  0.14000000000000001      	  0.73999999999999999      	  0.99957227701507778     
  0.14000000000000001      	  0.78000000000000003      	  0.99975585930023569     
  0.14000000000000001      	  0.82000000000000006      	  0.99986141910102300     
  0.14000000000000001      	  0.85999999999999988      	  0.99992173897228276     
  0.14000000000000001      	  0.89999999999999991      	  0.99995601161014835     
  0.14000000000000001      	  0.94000000000000006      	  0.99997538308397305     
  0.14000000000000001      	  0.97999999999999998      	  0.99998627952049945     
  
  0.17999999999999999      	   2.0000000000000004E-002 	   3.1250000000000021E-002
  0.17999999999999999      	   6.0000000000000012E-002 	  0.10937500000000003     
  0.17999999999999999      	  0.10000000000000001      	  0.22656249999999992     
  0.17999999999999999      	  0.14000000000000001      	  0.36328124999999911     
  0.17999999999999999      	  0.17999999999999999      	  0.49999999999999573     
  0.17999999999999999      	  0.22000000000000000      	  0.62304687499998046     
  0.17999999999999999      	  0.26000000000000001      	  0.72558593749992795     
  0.18000000000000002      	  0.30000000000000004      	  0.80615234374977018     
  0.17999999999999999      	  0.33999999999999997      	  0.86657714843684930     
  0.17999999999999999      	  0.37999999999999995      	  0.91021728515458944     
  0.17999999999999999      	  0.41999999999999998      	  0.94076538085550732     
  0.17999999999999999      	  0.45999999999999996      	  0.96159362792138270     
  0.17999999999999999      	  0.50000000000000000      	  0.97547912595998520     
  0.17999999999999999      	  0.54000000000000004      	  0.98455810543777000     
  0.17999999999999999      	  0.58000000000000007      	  0.99039459223062409     
  0.17999999999999999      	  0.62000000000000011      	  0.99409103384465780     
  0.17999999999999999      	  0.66000000000000014      	  0.99640130982294328     
  0.17999999999999999      	  0.69999999999999996      	  0.99782824494475697     
  0.17999999999999999      	  0.73999999999999988      	  0.99870026079925700     
  0.17999999999999999      	  0.77999999999999992      	  0.99922805980319329     
  0.17999999999999999      	  0.81999999999999995      	  0.99954473912730768     
  0.17999999999999999      	  0.85999999999999999      	  0.99973323863556884     
  0.17999999999999999      	  0.89999999999999991      	  0.99984462461006074     
  0.17999999999999999      	  0.93999999999999995      	  0.99991000322921897     
  0.17999999999999999      	  0.97999999999999998      	  0.99994814064877968     
  
  0.22000000000000000      	   2.0000000000000004E-002 	   1.5625000000000014E-002
  0.22000000000000000      	   6.0000000000000012E-002 	   6.2499999999999993E-002
  0.22000000000000000      	  0.10000000000000001      	  0.14453124999999953     
  0.22000000000000000      	  0.14000000000000001      	  0.25390624999999667     
  0.22000000000000000      	  0.17999999999999999      	  0.37695312499998146     
  0.22000000000000000      	  0.21999999999999997      	  0.49999999999991873     
  0.22000000000000000      	  0.26000000000000001      	  0.61279296874969780     
  0.22000000000000000      	  0.30000000000000004      	  0.70947265624902434     
  0.22000000000000000      	  0.33999999999999997      	  0.78802490234095612     
  0.22000000000000000      	  0.37999999999999989      	  0.84912109374279210     
  0.22000000000000000      	  0.41999999999999993      	  0.89494323728771830     
  0.22000000000000000      	  0.45999999999999996      	  0.92826843258036440     
  0.22000000000000000      	  0.50000000000000000      	  0.95187377922260508     
  0.22000000000000000      	  0.54000000000000004      	  0.96821594224259588     
  0.22000000000000000      	  0.58000000000000007      	  0.97930526708469712     
  0.22000000000000000      	  0.62000000000000011      	  0.98669815021521090     
  0.22000000000000000      	  0.66000000000000014      	  0.99154972962937726     
  0.22000000000000000      	  0.69999999999999996      	  0.99468898670557759     
  0.22000000000000000      	  0.73999999999999977      	  0.99669462292053557     
  0.22000000000000000      	  0.78000000000000003      	  0.99796134021699245     
  0.22000000000000000      	  0.81999999999999984      	  0.99875303815169003     
  0.22000000000000000      	  0.85999999999999988      	  0.99924313643945462     
  0.22000000000000000      	  0.90000000000000002      	  0.99954387808758194     
  0.22000000000000000      	  0.94000000000000006      	  0.99972693770147403     
  0.22000000000000000      	  0.97999999999999998      	  0.99983753567679334     
  
  0.26000000000000001      	   2.0000000000000000E-002 	   7.8125000000000000E-003
  0.26000000000000001      	   5.9999999999999998E-002 	   3.5156249999999861E-002
  0.26000000000000001      	  0.10000000000000001      	   8.9843749999998376E-002
  0.26000000000000001      	  0.14000000000000001      	  0.17187499999998829     
  0.26000000000000001      	  0.17999999999999999      	  0.27441406249993594     
  0.26000000000000001      	  0.21999999999999997      	  0.38720703124971484     
  0.26000000000000001      	  0.26000000000000001      	  0.49999999999892925     
  0.26000000000000001      	  0.30000000000000004      	  0.60473632812150535     
  0.26000000000000001      	  0.33999999999999997      	  0.69638061522425887     
  0.26000000000000001      	  0.38000000000000000      	  0.77275085446580261     
  0.26000000000000001      	  0.41999999999999993      	  0.83384704583565372     
  0.26000000000000001      	  0.45999999999999996      	  0.88105773912013507     
  0.26000000000000001      	  0.50000000000000000      	  0.91646575899678195     
  0.26000000000000001      	  0.54000000000000004      	  0.94234085029501813     
  0.26000000000000001      	  0.58000000000000007      	  0.96082305812130286     
  0.26000000000000001      	  0.62000000000000000      	  0.97376060322574653     
  0.26000000000000001      	  0.66000000000000003      	  0.98265516494164729     
  0.26000000000000001      	  0.69999999999999996      	  0.98867207358652154     
  0.26000000000000001      	  0.73999999999999999      	  0.99268334502530209     
  0.26000000000000001      	  0.78000000000000003      	  0.99532233814096027     
  0.26000000000000001      	  0.81999999999999995      	  0.99703768214813560     
  0.26000000000000001      	  0.85999999999999988      	  0.99814040152460293     
  0.26000000000000001      	  0.90000000000000002      	  0.99884213004452249     
  0.26000000000000001      	  0.94000000000000006      	  0.99928452194579998     
  0.26000000000000001      	  0.97999999999999998      	  0.99956101460567670     
  
  0.30000000000000004      	   2.0000000000000000E-002 	   3.9062499999999848E-003
  0.29999999999999999      	   5.9999999999999998E-002 	   1.9531249999999587E-002
  0.30000000000000004      	  0.10000000000000001      	   5.4687499999995261E-002
  0.30000000000000004      	  0.14000000000000001      	  0.11328124999996529     
  0.30000000000000004      	  0.17999999999999999      	  0.19384765624980749     
  0.30000000000000004      	  0.21999999999999997      	  0.29052734374913408     
  0.30000000000000004      	  0.26000000000000001      	  0.39526367187171035     
  0.30000000000000004      	  0.30000000000000004      	  0.49999999998914307     
  0.30000000000000004      	  0.33999999999999997      	  0.59819030758541325     
  0.30000000000000004      	  0.37999999999999995      	  0.68547058097091496     
  0.30000000000000004      	  0.41999999999999993      	  0.75965881327510010     
  0.30000000000000004      	  0.45999999999999996      	  0.82035827592078026     
  0.30000000000000004      	  0.50000000000000000      	  0.86841201690321912     
  0.30000000000000004      	  0.54000000000000004      	  0.90537643255578848     
  0.30000000000000004      	  0.58000000000000007      	  0.93309974349388192     
  0.30000000000000004      	  0.62000000000000000      	  0.95343017027308385     
  0.30000000000000004      	  0.66000000000000003      	  0.96804266269634964     
  0.30000000000000004      	  0.69999999999999996      	  0.97835736068178536     
  0.30000000000000004      	  0.74000000000000010      	  0.98552034199571470     
  0.30000000000000004      	  0.77999999999999992      	  0.99042132487335888     
  0.30000000000000004      	  0.81999999999999984      	  0.99372948300276076     
  0.30000000000000004      	  0.85999999999999988      	  0.99593491549393576     
  0.30000000000000004      	  0.89999999999999991      	  0.99738848888384735     
  0.30000000000000004      	  0.93999999999999995      	  0.99833646371771134     
  0.30000000000000004      	  0.97999999999999998      	  0.99894868916461799     
  
  0.33999999999999997      	   2.0000000000000000E-002 	   1.9531249999999525E-003
  0.33999999999999997      	   5.9999999999999998E-002 	   1.0742187499998874E-002
  0.33999999999999997      	  0.10000000000000001      	   3.2714843749987656E-002
  0.33999999999999997      	  0.14000000000000001      	   7.2998046874908740E-002
  0.33999999999999997      	  0.17999999999999999      	  0.13342285156198783     
  0.33999999999999997      	  0.21999999999999997      	  0.21197509765391997     
  0.33999999999999997      	  0.26000000000000001      	  0.30361938475667372     
  0.33999999999999997      	  0.30000000000000004      	  0.40180969235294411     
  0.33999999999999997      	  0.33999999999999997      	  0.49999999991163352     
  0.33999999999999997      	  0.38000000000000000      	  0.59273529029186478     
  0.33999999999999997      	  0.42000000000000004      	  0.67619705142967512     
  0.33999999999999997      	  0.45999999999999996      	  0.74827766290333309     
  0.33999999999999997      	  0.50000000000000000      	  0.80834483833875836     
  0.33999999999999997      	  0.54000000000000004      	  0.85686063248042232     
  0.33999999999999997      	  0.58000000000000007      	  0.89498018269142576     
  0.33999999999999997      	  0.62000000000000000      	  0.92420516753795745     
  0.33999999999999997      	  0.66000000000000014      	  0.94612390075700836     
  0.33999999999999997      	  0.70000000000000018      	  0.96224060871334927     
  0.33999999999999997      	  0.73999999999999999      	  0.97388044304775445     
  0.33999999999999997      	  0.78000000000000003      	  0.98215083837125883     
  0.33999999999999997      	  0.82000000000000006      	  0.98794009866059362     
  0.33999999999999997      	  0.85999999999999999      	  0.99193742548285013     
  0.33999999999999997      	  0.90000000000000002      	  0.99466285313020864     
  0.33999999999999997      	  0.93999999999999995      	  0.99649952947092901     
  0.33999999999999997      	  0.97999999999999998      	  0.99772395364923405     
  
  0.38000000000000000      	   2.0000000000000000E-002 	   9.7656249999988236E-004
  0.38000000000000000      	   5.9999999999999998E-002 	   5.8593749999973866E-003
  0.38000000000000000      	   9.9999999999999992E-002 	   1.9287109374971082E-002
  0.38000000000000000      	  0.13999999999999999      	   4.6142578124784027E-002
  0.38000000000000000      	  0.17999999999999999      	   8.9782714842524036E-002
  0.38000000000000000      	  0.21999999999999997      	  0.15087890624435979     
  0.38000000000000000      	  0.26000000000000001      	  0.22724914548590364     
  0.38000000000000006      	  0.30000000000000004      	  0.31452941887140534     
  0.38000000000000000      	  0.33999999999999997      	  0.40726470925163655     
  0.38000000000000000      	  0.38000000000000000      	  0.49999999940475892     
  0.38000000000000000      	  0.42000000000000004      	  0.58809852453923006     
  0.38000000000000000      	  0.45999999999999996      	  0.66818809178646354     
  0.38000000000000000      	  0.50000000000000000      	  0.73826646110220040     
  0.38000000000000000      	  0.54000000000000004      	  0.79756353920820611     
  0.38000000000000000      	  0.58000000000000007      	  0.84627184728575888     
  0.38000000000000000      	  0.62000000000000000      	  0.88523848411962758     
  0.38000000000000000      	  0.66000000000000014      	  0.91568115470382694     
  0.38000000000000000      	  0.70000000000000018      	  0.93896082337263709     
  0.38000000000000000      	  0.73999999999999999      	  0.95642054683336897     
  0.38000000000000000      	  0.78000000000000003      	  0.96928556969855695     
  0.38000000000000000      	  0.82000000000000006      	  0.97861266561715554     
  0.38000000000000000      	  0.85999999999999988      	  0.98527482208847661     
  0.38000000000000000      	  0.89999999999999991      	  0.98996855051476107     
  0.38000000000000000      	  0.93999999999999995      	  0.99323368165690806     
  0.38000000000000000      	  0.97999999999999998      	  0.99547838213899920     
  
  0.41999999999999998      	   1.9999999999999997E-002 	   4.8828124999975177E-004
  0.41999999999999998      	   5.9999999999999991E-002 	   3.1738281249944918E-003
  0.41999999999999998      	  0.10000000000000001      	   1.1230468749938369E-002
  0.41999999999999998      	  0.14000000000000001      	   2.8686523437034407E-002
  0.42000000000000004      	  0.18000000000000002      	   5.9234619137952298E-002
  0.42000000000000004      	  0.22000000000000003      	  0.10505676268287838     
  0.42000000000000004      	  0.26000000000000001      	  0.16615295405272973     
  0.41999999999999998      	  0.30000000000000004      	  0.24034118635691479     
  0.41999999999999998      	  0.33999999999999997      	  0.32380294749472505     
  0.42000000000000004      	  0.38000000000000006      	  0.41190147262919619     
  0.42000000000000004      	  0.42000000000000004      	  0.49999999660115302     
  0.42000000000000004      	  0.45999999999999996      	  0.58409403978003693     
  0.41999999999999998      	  0.50000000000000000      	  0.66118024131784436     
  0.41999999999999998      	  0.54000000000000004      	  0.72937187262641834     
  0.42000000000000004      	  0.58000000000000007      	  0.78782182787722121     
  0.42000000000000004      	  0.61999999999999988      	  0.83653010081194012     
  0.41999999999999998      	  0.66000000000000003      	  0.87610553754891796     
  0.41999999999999998      	  0.69999999999999996      	  0.90753303977823552     
  0.42000000000000004      	  0.73999999999999999      	  0.93197658322209276     
  0.42000000000000004      	  0.78000000000000014      	  0.95063077505928972     
  0.41999999999999998      	  0.82000000000000006      	  0.96462130364906395     
  0.41999999999999998      	  0.85999999999999988      	  0.97494750618689008     
  0.41999999999999998      	  0.89999999999999991      	  0.98245730781382801     
  0.41999999999999998      	  0.93999999999999995      	  0.98784458897084626     
  0.41999999999999998      	  0.97999999999999998      	  0.99166037719779676     
  
  0.45999999999999996      	   1.9999999999999997E-002 	   2.4414062499952249E-004
  0.45999999999999996      	   5.9999999999999998E-002 	   1.7089843749893195E-003
  0.45999999999999996      	   9.9999999999999992E-002 	   6.4697265623791436E-003
  0.45999999999999996      	  0.13999999999999999      	   1.7578124999076569E-002
  0.46000000000000002      	  0.17999999999999999      	   3.8406372064952107E-002
  0.46000000000000002      	  0.22000000000000003      	   7.1731567357598169E-002
  0.46000000000000002      	  0.26000000000000001      	  0.11894226064207979     
  0.45999999999999996      	  0.29999999999999999      	  0.17964172328775985     
  0.45999999999999996      	  0.33999999999999997      	  0.25172233476141798     
  0.46000000000000002      	  0.38000000000000000      	  0.33181190200865174     
  0.46000000000000002      	  0.42000000000000010      	  0.41590594518753538     
  0.46000000000000002      	  0.46000000000000002      	  0.49999998322878009     
  0.45999999999999996      	  0.50000000000000000      	  0.58059009295709485     
  0.45999999999999996      	  0.54000000000000004      	  0.65498094509448046     
  0.46000000000000002      	  0.57999999999999996      	  0.72140131727818801     
  0.46000000000000002      	  0.62000000000000000      	  0.77896558889561041     
  0.45999999999999996      	  0.66000000000000003      	  0.82753536506819225     
  0.45999999999999996      	  0.69999999999999996      	  0.86753389070359477     
  0.46000000000000002      	  0.73999999999999999      	  0.89975476751329875     
  0.46000000000000002      	  0.78000000000000003      	  0.92519209222197896     
  0.45999999999999996      	  0.82000000000000006      	  0.94490575161237378     
  0.45999999999999996      	  0.85999999999999999      	  0.95992535486624975     
  0.45999999999999996      	  0.90000000000000002      	  0.97118967001274303     
  0.45999999999999996      	  0.93999999999999995      	  0.97951502614427111     
  0.45999999999999996      	  0.97999999999999998      	  0.98558511025950934     
  
  0.50000000000000000      	   2.0000000000000000E-002 	   1.2207031249915001E-004
  0.50000000000000000      	   5.9999999999999998E-002 	   9.1552734373078783E-004
  0.50000000000000000      	  0.10000000000000001      	   3.6926269529051398E-003
  0.50000000000000000      	  0.14000000000000001      	   1.0635375974863652E-002
  0.50000000000000000      	  0.17999999999999999      	   2.4520874013466237E-002
  0.50000000000000000      	  0.22000000000000000      	   4.8126220655706889E-002
  0.50000000000000000      	  0.26000000000000001      	   8.3534240532353699E-002
  0.50000000000000000      	  0.30000000000000004      	  0.13158798151479245     
  0.50000000000000000      	  0.33999999999999997      	  0.19165515695021765     
  0.50000000000000000      	  0.38000000000000000      	  0.26173352626595442     
  0.50000000000000000      	  0.42000000000000004      	  0.33881972780376168     
  0.50000000000000000      	  0.46000000000000002      	  0.41940983753207606     
  0.50000000000000000      	  0.50000000000000000      	  0.49999992734757742     
  0.50000000000000000      	  0.54000000000000004      	  0.57749036156190348     
  0.50000000000000000      	  0.58000000000000007      	  0.64944570108368094     
  0.50000000000000000      	  0.62000000000000000      	  0.71420540264712340     
  0.50000000000000000      	  0.66000000000000003      	  0.77086998063061107     
  0.50000000000000000      	  0.69999999999999996      	  0.81920129584516710     
  0.50000000000000000      	  0.73999999999999999      	  0.85947705996724377     
  0.50000000000000000      	  0.78000000000000003      	  0.89233315895123544     
  0.50000000000000000      	  0.82000000000000006      	  0.91861746464551797     
  0.50000000000000000      	  0.85999999999999999      	  0.93926870908075566     
  0.50000000000000000      	  0.90000000000000013      	  0.95522564166618473     
  0.50000000000000000      	  0.94000000000000006      	  0.96736580989666099     
  0.50000000000000000      	  0.97999999999999998      	  0.97646984809351522     
  
  0.54000000000000004      	   2.0000000000000000E-002 	   6.1035156248587644E-005
  0.54000000000000004      	   5.9999999999999998E-002 	   4.8828124996771913E-004
  0.54000000000000004      	  0.10000000000000001      	   2.0904541011889126E-003
  0.54000000000000004      	  0.14000000000000001      	   6.3629150361435450E-003
  0.54000000000000004      	  0.17999999999999999      	   1.5441894513928444E-002
  0.54000000000000004      	  0.22000000000000000      	   3.1784057533919212E-002
  0.54000000000000004      	  0.26000000000000001      	   5.7659148832155512E-002
  0.54000000000000004      	  0.30000000000000004      	   9.4623564484724851E-002
  0.54000000000000004      	  0.33999999999999997      	  0.14313935862638869     
  0.54000000000000004      	  0.38000000000000000      	  0.20243643673239439     
  0.54000000000000004      	  0.42000000000000004      	  0.27062806804096834     
  0.54000000000000004      	  0.45999999999999996      	  0.34501892017835378     
  0.54000000000000004      	  0.50000000000000000      	  0.42250935439267967     
  0.54000000000000004      	  0.54000000000000004      	  0.49999972003151727     
  0.54000000000000004      	  0.58000000000000007      	  0.57472245260472010     
  0.54000000000000004      	  0.62000000000000000      	  0.64446347166132012     
  0.54000000000000004      	  0.66000000000000014      	  0.70766596078804744     
  0.54000000000000004      	  0.70000000000000018      	  0.76343240341861518     
  0.54000000000000004      	  0.73999999999999999      	  0.81145285577983373     
  0.54000000000000004      	  0.78000000000000003      	  0.85189024915565337     
  0.54000000000000004      	  0.82000000000000017      	  0.88524995170488308     
  0.54000000000000004      	  0.85999999999999999      	  0.91225399146484054     
  0.54000000000000004      	  0.90000000000000002      	  0.93373275064183681     
  0.54000000000000004      	  0.94000000000000006      	  0.95054020577449072     
  0.54000000000000004      	  0.97999999999999998      	  0.96349369279677732     
  
  0.58000000000000007      	   2.0000000000000000E-002 	   3.0517578122795194E-005
  0.58000000000000007      	   5.9999999999999998E-002 	   2.5939941401153773E-004
  0.58000000000000007      	  0.10000000000000001      	   1.1749267572161008E-003
  0.58000000000000007      	  0.14000000000000001      	   3.7689208937260704E-003
  0.58000000000000007      	  0.17999999999999999      	   9.6054076865799368E-003
  0.58000000000000007      	  0.22000000000000000      	   2.0694732528681179E-002
  0.58000000000000007      	  0.26000000000000001      	   3.9176940354965904E-002
  0.58000000000000007      	  0.30000000000000004      	   6.6900251293059529E-002
  0.58000000000000007      	  0.33999999999999997      	  0.10501980150406312     
  0.58000000000000007      	  0.38000000000000000      	  0.15372810958161606     
  0.58000000000000007      	  0.42000000000000004      	  0.21217806483241905     
  0.58000000000000007      	  0.45999999999999996      	  0.27859843701612674     
  0.58000000000000007      	  0.50000000000000000      	  0.35055377653790454     
  0.58000000000000007      	  0.54000000000000004      	  0.42527650911110748     
  0.58000000000000007      	  0.58000000000000007      	  0.49999902952889308     
  0.58000000000000007      	  0.62000000000000000      	  0.57223044567372405     
  0.58000000000000007      	  0.66000000000000003      	  0.63994684029655702     
  0.58000000000000007      	  0.69999999999999996      	  0.70168742190383782     
  0.58000000000000007      	  0.73999999999999999      	  0.75656674148530723     
  0.58000000000000007      	  0.78000000000000003      	  0.80422345941277840     
  0.58000000000000007      	  0.82000000000000006      	  0.84472951905271398     
  0.58000000000000007      	  0.85999999999999999      	  0.87848185490227970     
  0.58000000000000007      	  0.89999999999999991      	  0.90609410262021139     
  0.58000000000000007      	  0.93999999999999995      	  0.92830008037270295     
  0.58000000000000007      	  0.97999999999999998      	  0.94587541452743229     
  
  0.61999999999999988      	   2.0000000000000000E-002 	   1.5258789059249521E-005
  0.62000000000000000      	   5.9999999999999998E-002 	   1.3732910148652494E-004
  0.62000000000000011      	  0.10000000000000001      	   6.5612792878851924E-004
  0.62000000000000000      	  0.14000000000000001      	   2.2125244068828803E-003
  0.62000000000000000      	  0.17999999999999999      	   5.9089660209166355E-003
  0.62000000000000000      	  0.22000000000000000      	   1.3301849151430503E-002
  0.62000000000000000      	  0.26000000000000001      	   2.6239394255874227E-002
  0.62000000000000000      	  0.30000000000000004      	   4.6569821035076141E-002
  0.62000000000000000      	  0.33999999999999997      	   7.5794805881607835E-002
  0.62000000000000000      	  0.38000000000000000      	  0.11476144271547656     
  0.62000000000000011      	  0.42000000000000004      	  0.16346971565019555     
  0.62000000000000011      	  0.46000000000000002      	  0.22103398726761786     
  0.62000000000000000      	  0.50000000000000000      	  0.28579368883106032     
  0.62000000000000000      	  0.54000000000000004      	  0.35553470788766034     
  0.62000000000000000      	  0.58000000000000007      	  0.42776612403249115     
  0.62000000000000000      	  0.62000000000000000      	  0.49999694496351282     
  0.62000000000000000      	  0.66000000000000003      	  0.56996960411843145     
  0.62000000000000000      	  0.69999999999999996      	  0.63582478761619454     
  0.62000000000000000      	  0.73999999999999999      	  0.69618996365765806     
  0.62000000000000000      	  0.78000000000000003      	  0.75019804317757233     
  0.62000000000000000      	  0.81999999999999995      	  0.79745131336696395     
  0.62000000000000000      	  0.85999999999999999      	  0.83794927668659724     
  0.62000000000000000      	  0.90000000000000013      	  0.87199844257375136     
  0.62000000000000000      	  0.93999999999999995      	  0.90011897722131839     
  0.62000000000000000      	  0.97999999999999998      	  0.92295884819592355     
  
  0.66000000000000003      	   2.0000000000000000E-002 	   7.6293945267047340E-006
  0.66000000000000003      	   5.9999999999999998E-002 	   7.2479247939453821E-005
  0.66000000000000003      	  0.10000000000000001      	   3.6430358758214690E-004
  0.66000000000000003      	  0.14000000000000001      	   1.2884139910905844E-003
  0.66000000000000003      	  0.17999999999999999      	   3.5986899693761709E-003
  0.66000000000000003      	  0.22000000000000000      	   8.4502693835425552E-003
  0.66000000000000003      	  0.26000000000000001      	   1.7344831099443410E-002
  0.65999999999999992      	  0.30000000000000004      	   3.1957323522709254E-002
  0.66000000000000003      	  0.33999999999999997      	   5.3876056741760402E-002
  0.66000000000000003      	  0.38000000000000000      	   8.4318727325959880E-002
  0.66000000000000014      	  0.42000000000000004      	  0.12389416406293750     
  0.66000000000000014      	  0.46000000000000002      	  0.17246394023551939     
  0.66000000000000003      	  0.50000000000000000      	  0.22912851821900695     
  0.66000000000000003      	  0.54000000000000004      	  0.29233100734573403     
  0.66000000000000003      	  0.58000000000000007      	  0.36004740196856666     
  0.66000000000000003      	  0.62000000000000000      	  0.43002006112348523     
  0.66000000000000003      	  0.66000000000000003      	  0.49999119358985883     
  0.66000000000000003      	  0.69999999999999996      	  0.56790201663650519     
  0.66000000000000003      	  0.73999999999999999      	  0.63203661106640341     
  0.66000000000000003      	  0.78000000000000003      	  0.69110319880314330     
  0.66000000000000003      	  0.81999999999999995      	  0.74425677566016157     
  0.66000000000000003      	  0.85999999999999999      	  0.79107437875499875     
  0.66000000000000003      	  0.90000000000000002      	  0.83149764731087605     
  0.66000000000000003      	  0.93999999999999995      	  0.86575745377278379     
  0.66000000000000003      	  0.97999999999999998      	  0.89429330748562985     
  
  0.69999999999999996      	   2.0000000000000000E-002 	   3.8146972595735014E-006
  0.69999999999999996      	   5.9999999999999998E-002 	   3.8146972511654991E-005
  0.69999999999999996      	  0.10000000000000001      	   2.0122527901314429E-004
  0.69999999999999996      	  0.14000000000000001      	   7.4481962684504719E-004
  0.69999999999999996      	  0.17999999999999999      	   2.1717547486586925E-003
  0.69999999999999996      	  0.22000000000000000      	   5.3110118248589902E-003
  0.69999999999999996      	  0.26000000000000001      	   1.1327920469733178E-002
  0.69999999999999996      	  0.30000000000000004      	   2.1642618455169012E-002
  0.69999999999999996      	  0.33999999999999997      	   3.7759326411509857E-002
  0.69999999999999996      	  0.38000000000000000      	   6.1038995080320353E-002
  0.69999999999999996      	  0.42000000000000004      	   9.2466497309637963E-002
  0.69999999999999996      	  0.45999999999999996      	  0.13246502294504106     
  0.69999999999999996      	  0.50000000000000000      	  0.18079633815959703     
  0.69999999999999996      	  0.54000000000000004      	  0.23656278079016524     
  0.69999999999999996      	  0.58000000000000007      	  0.29830336239744620     
  0.69999999999999996      	  0.62000000000000000      	  0.36415854589520957     
  0.69999999999999996      	  0.66000000000000003      	  0.43206936894185610     
  0.69999999999999996      	  0.69999999999999996      	  0.49997658657351274     
  0.69999999999999996      	  0.73999999999999999      	  0.56599218463222234     
  0.69999999999999996      	  0.78000000000000003      	  0.62852580446400907     
  0.69999999999999996      	  0.82000000000000006      	  0.68635931416939522     
  0.69999999999999996      	  0.85999999999999999      	  0.73867177935935424     
  0.69999999999999996      	  0.89999999999999991      	  0.78502328221958262     
  0.69999999999999996      	  0.93999999999999995      	  0.82530919334360064     
  0.69999999999999996      	  0.97999999999999998      	  0.85969704163547422     
  
  0.73999999999999999      	   2.0000000000000000E-002 	   1.9073486251156482E-006
  0.73999999999999999      	   5.9999999999999998E-002 	   2.0027160458614420E-005
  0.73999999999999999      	  0.10000000000000001      	   1.1062621843059824E-004
  0.73999999999999999      	  0.14000000000000001      	   4.2772291216696377E-004
  0.73999999999999999      	  0.17999999999999999      	   1.2997387666670473E-003
  0.73999999999999999      	  0.22000000000000000      	   3.3053749816251087E-003
  0.73999999999999999      	  0.26000000000000001      	   7.3166464204057107E-003
  0.74000000000000010      	  0.30000000000000004      	   1.4479627734334997E-002
  0.73999999999999999      	  0.33999999999999997      	   2.6119462068740173E-002
  0.73999999999999999      	  0.38000000000000000      	   4.3579185529472264E-002
  0.73999999999999999      	  0.42000000000000004      	   6.8022728973329602E-002
  0.73999999999999999      	  0.45999999999999996      	  0.10024360578303360     
  0.73999999999999999      	  0.50000000000000000      	  0.14051936990511066     
  0.73999999999999999      	  0.54000000000000004      	  0.18853982226632934     
  0.73999999999999999      	  0.58000000000000007      	  0.24341914184779864     
  0.73999999999999999      	  0.62000000000000000      	  0.30378431788926230     
  0.73999999999999999      	  0.66000000000000003      	  0.36791891231916046     
  0.73999999999999999      	  0.69999999999999996      	  0.43393451037786968     
  0.73999999999999999      	  0.73999999999999999      	  0.49994222020031120     
  0.73999999999999999      	  0.78000000000000003      	  0.56420167542851829     
  0.73999999999999999      	  0.81999999999999995      	  0.62523288481680384     
  0.73999999999999999      	  0.85999999999999988      	  0.68188472164597169     
  0.73999999999999999      	  0.89999999999999991      	  0.73336116363777237     
  0.73999999999999999      	  0.93999999999999995      	  0.77921162802693755     
  0.73999999999999999      	  0.97999999999999998      	  0.81929463358549692     
  
  0.78000000000000003      	   2.0000000000000000E-002 	   9.5367430702625585E-007
  0.78000000000000003      	   5.9999999999999998E-002 	   1.0490417251445593E-005
  0.78000000000000003      	  0.10000000000000001      	   6.0558316262450641E-005
  0.78000000000000003      	  0.14000000000000001      	   2.4414060142036295E-004
  0.78000000000000003      	  0.17999999999999999      	   7.7193960535669546E-004
  0.78000000000000003      	  0.22000000000000000      	   2.0386569018137246E-003
  0.78000000000000003      	  0.26000000000000001      	   4.6776500174718861E-003
  0.78000000000000014      	  0.30000000000000004      	   9.5786328951161809E-003
  0.78000000000000003      	  0.33999999999999997      	   1.7849028218620829E-002
  0.78000000000000003      	  0.38000000000000000      	   3.0714051083808928E-002
  0.78000000000000003      	  0.42000000000000004      	   4.9368242921005938E-002
  0.78000000000000003      	  0.46000000000000002      	   7.4805567629686209E-002
  0.78000000000000003      	  0.50000000000000000      	  0.10766166661367792     
  0.78000000000000003      	  0.54000000000000004      	  0.14809905998949752     
  0.78000000000000003      	  0.58000000000000007      	  0.19575577791696869     
  0.78000000000000003      	  0.62000000000000000      	  0.24976385743688295     
  0.78000000000000003      	  0.66000000000000003      	  0.30883044517362296     
  0.78000000000000003      	  0.69999999999999996      	  0.37136406500540947     
  0.78000000000000003      	  0.73999999999999999      	  0.43562352023361656     
  0.78000000000000003      	  0.78000000000000003      	  0.49986689853707539     
  0.78000000000000003      	  0.81999999999999995      	  0.56248208661141863     
  0.78000000000000003      	  0.86000000000000010      	  0.62208638786508308     
  0.78000000000000003      	  0.90000000000000013      	  0.67758958159933524     
  0.78000000000000003      	  0.94000000000000006      	  0.72822074651541036     
  0.78000000000000003      	  0.97999999999999998      	  0.77352360557978783     
  
  0.81999999999999995      	   2.0000000000000000E-002 	   4.7683714722096961E-007
  0.82000000000000006      	   5.9999999999999998E-002 	   5.4836270483214839E-006
  0.82000000000000006      	  0.10000000000000001      	   3.3020969822008297E-005
  0.81999999999999995      	  0.14000000000000001      	   1.3858077060927479E-004
  0.82000000000000006      	  0.17999999999999999      	   4.5526009472353433E-004
  0.82000000000000006      	  0.22000000000000000      	   1.2469580294209776E-003
  0.82000000000000006      	  0.26000000000000001      	   2.9623020365964880E-003
  0.82000000000000006      	  0.30000000000000004      	   6.2704601659983412E-003
  0.81999999999999995      	  0.33999999999999997      	   1.2059720455333005E-002
  0.82000000000000006      	  0.38000000000000000      	   2.1386816373931538E-002
  0.82000000000000006      	  0.42000000000000004      	   3.5377344963705634E-002
  0.82000000000000006      	  0.46000000000000002      	   5.5091004354100560E-002
  0.81999999999999995      	  0.50000000000000000      	   8.1375310048383387E-002
  0.81999999999999995      	  0.54000000000000004      	  0.11473501259761335     
  0.82000000000000006      	  0.58000000000000007      	  0.15524107223754896     
  0.82000000000000006      	  0.62000000000000000      	  0.20249434242694092     
  0.81999999999999995      	  0.66000000000000003      	  0.25564791928395969     
  0.82000000000000006      	  0.69999999999999996      	  0.31348142898934594     
  0.82000000000000006      	  0.73999999999999999      	  0.37451263837763177     
  0.81999999999999995      	  0.78000000000000003      	  0.43712782645197540     
  0.81999999999999995      	  0.82000000000000006      	  0.49971234276832271     
  0.81999999999999995      	  0.86000000000000010      	  0.56076585587599992     
  0.81999999999999995      	  0.90000000000000013      	  0.61899169552948607     
  0.81999999999999995      	  0.94000000000000017      	  0.67335512640673933     
  0.81999999999999995      	  0.97999999999999998      	  0.72311032125395414     
  
  0.85999999999999988      	   2.0000000000000000E-002 	   2.3841856671907308E-007
  0.85999999999999999      	   5.9999999999999998E-002 	   2.8610226404035263E-006
  0.85999999999999999      	  0.10000000000000001      	   1.7940994181441603E-005
  0.85999999999999988      	  0.14000000000000001      	   7.8260865441300397E-005
  0.86000000000000010      	  0.17999999999999999      	   2.6676037370259735E-004
  0.86000000000000010      	  0.22000000000000000      	   7.5685866146702667E-004
  0.86000000000000010      	  0.26000000000000001      	   1.8595780379343136E-003
  0.85999999999999999      	  0.30000000000000004      	   4.0650105291094186E-003
  0.85999999999999988      	  0.33999999999999997      	   8.0623373513659270E-003
  0.86000000000000010      	  0.38000000000000000      	   1.4724493822686938E-002
  0.86000000000000010      	  0.41999999999999993      	   2.5050696360512881E-002
  0.86000000000000010      	  0.45999999999999996      	   4.0070299614388738E-002
  0.85999999999999999      	  0.50000000000000000      	   6.0721544049626305E-002
  0.85999999999999999      	  0.54000000000000004      	   8.7725583809583452E-002
  0.86000000000000010      	  0.58000000000000007      	  0.12147791965914906     
  0.86000000000000010      	  0.62000000000000000      	  0.16197588297878240     
  0.85999999999999999      	  0.66000000000000003      	  0.20879348607361903     
  0.85999999999999999      	  0.69999999999999996      	  0.26110595126357816     
  0.86000000000000010      	  0.73999999999999999      	  0.31775778809274635     
  0.85999999999999999      	  0.78000000000000003      	  0.37736208934641036     
  0.85999999999999988      	  0.81999999999999995      	  0.43841560245408767     
  0.85999999999999988      	  0.85999999999999988      	  0.49941410113869217     
  0.85999999999999999      	  0.90000000000000002      	  0.55895500162330325     
  0.85999999999999988      	  0.94000000000000006      	  0.61581808144869099     
  0.85999999999999999      	  0.97999999999999998      	  0.66901957337621065     
  
  0.90000000000000002      	   2.0000000000000000E-002 	   1.1920927607656704E-007
  0.89999999999999991      	   5.9999999999999998E-002 	   1.4901157798072966E-006
  0.90000000000000002      	  0.10000000000000001      	   9.7155527697880293E-006
  0.89999999999999991      	  0.14000000000000001      	   4.3988190635478513E-005
  0.90000000000000013      	  0.17999999999999999      	   1.5537416512739430E-004
  0.90000000000000013      	  0.22000000000000000      	   4.5611581325483597E-004
  0.90000000000000002      	  0.26000000000000001      	   1.1578443331741878E-003
  0.89999999999999991      	  0.30000000000000004      	   2.6114177230856478E-003
  0.89999999999999991      	  0.33999999999999997      	   5.3368453704442367E-003
  0.90000000000000013      	  0.38000000000000000      	   1.0030573796728769E-002
  0.90000000000000013      	  0.42000000000000004      	   1.7540375423666679E-002
  0.90000000000000013      	  0.45999999999999996      	   2.8804690570159889E-002
  0.90000000000000002      	  0.50000000000000000      	   4.4761623155589104E-002
  0.90000000000000013      	  0.54000000000000004      	   6.6240382332585487E-002
  0.90000000000000013      	  0.58000000000000007      	   9.3852630050517125E-002
  0.90000000000000013      	  0.62000000000000000      	  0.12790179593767112     
  0.89999999999999991      	  0.66000000000000003      	  0.16832506449354889     
  0.90000000000000002      	  0.69999999999999996      	  0.21467656735377702     
  0.90000000000000002      	  0.73999999999999999      	  0.26615300934557790     
  0.90000000000000002      	  0.78000000000000003      	  0.32165620307983028     
  0.90000000000000002      	  0.82000000000000006      	  0.37988204273331655     
  0.90000000000000002      	  0.85999999999999999      	  0.43942294321792696     
  0.89999999999999991      	  0.89999999999999991      	  0.49887070848992388     
  0.89999999999999991      	  0.93999999999999995      	  0.55690869968358125     
  0.90000000000000002      	  0.97999999999999998      	  0.61238532178022098     
  
  0.93999999999999995      	   2.0000000000000000E-002 	   5.9604630596988793E-008
  0.93999999999999995      	   5.9999999999999998E-002 	   7.7486002103009298E-007
  0.93999999999999995      	  0.10000000000000001      	   5.2452040904679827E-006
  0.93999999999999995      	  0.14000000000000001      	   2.4616677915149038E-005
  0.94000000000000006      	  0.17999999999999999      	   8.9995297073288490E-005
  0.94000000000000006      	  0.22000000000000000      	   2.7305491096529333E-004
  0.93999999999999995      	  0.26000000000000001      	   7.1544681224269477E-004
  0.93999999999999995      	  0.30000000000000004      	   1.6634216461065567E-003
  0.93999999999999995      	  0.33999999999999997      	   3.5000979868265855E-003
  0.93999999999999995      	  0.38000000000000000      	   6.7652291289734988E-003
  0.94000000000000006      	  0.41999999999999998      	   1.2152510285991996E-002
  0.94000000000000006      	  0.45999999999999996      	   2.0477866417520328E-002
  0.93999999999999995      	  0.50000000000000000      	   3.2618034647996529E-002
  0.94000000000000006      	  0.54000000000000004      	   4.9425489780650644E-002
  0.94000000000000006      	  0.58000000000000007      	   7.1631467533142257E-002
  0.93999999999999995      	  0.62000000000000000      	   9.9752002180709495E-002
  0.93999999999999995      	  0.66000000000000003      	  0.13401180864261733     
  0.93999999999999995      	  0.69999999999999996      	  0.17429771976663527     
  0.93999999999999995      	  0.73999999999999999      	  0.22014818415580020     
  0.93999999999999995      	  0.78000000000000003      	  0.27077934907187545     
  0.93999999999999995      	  0.82000000000000006      	  0.32514277994912855     
  0.93999999999999995      	  0.85999999999999988      	  0.38200585977451668     
  0.93999999999999995      	  0.89999999999999991      	  0.44004385096817428     
  0.93999999999999995      	  0.93999999999999995      	  0.49793250011249390     
  0.93999999999999995      	  0.97999999999999998      	  0.55443156946399597     
  
  0.97999999999999998      	   2.0000000000000000E-002 	   2.9802307934712997E-008
  0.97999999999999998      	   5.9999999999999998E-002 	   4.0233098038786802E-007
  0.97999999999999998      	  0.10000000000000001      	   2.8237652084730043E-006
  0.97999999999999998      	  0.14000000000000001      	   1.3720201734829602E-005
  0.97999999999999998      	  0.17999999999999999      	   5.1857621295663898E-005
  0.97999999999999998      	  0.22000000000000000      	   1.6245559661501403E-004
  0.97999999999999998      	  0.26000000000000001      	   4.3894825649197359E-004
  0.97999999999999998      	  0.30000000000000004      	   1.0511737033986528E-003
  0.97999999999999998      	  0.33999999999999997      	   2.2755978817037468E-003
  0.97999999999999998      	  0.38000000000000000      	   4.5202983637947789E-003
  0.97999999999999998      	  0.42000000000000004      	   8.3360865907452456E-003
  0.97999999999999998      	  0.45999999999999996      	   1.4406170705983349E-002
  0.97999999999999998      	  0.50000000000000000      	   2.3510208902837691E-002
  0.97999999999999998      	  0.54000000000000004      	   3.6463695925124495E-002
  0.97999999999999998      	  0.58000000000000007      	   5.4039030079853875E-002
  0.97999999999999998      	  0.62000000000000000      	   7.6878901054459228E-002
  0.97999999999999998      	  0.66000000000000003      	  0.10541475476730534     
  0.97999999999999998      	  0.69999999999999996      	  0.13980260305917891     
  0.97999999999999998      	  0.73999999999999999      	  0.17988560861773839     
  0.97999999999999998      	  0.78000000000000003      	  0.22518846768211614     
  0.97999999999999998      	  0.82000000000000006      	  0.27494366252933072     
  0.97999999999999998      	  0.85999999999999999      	  0.32814515445685022     
  0.97999999999999998      	  0.90000000000000002      	  0.38362177655348995     
  0.97999999999999998      	  0.93999999999999995      	  0.44012084590499190     
  0.97999999999999998      	  0.97999999999999998      	  0.49639236956890692     
  
